302.2185845375061
163.2249071598053
351.6474759578705
347.6032118797302
161.58588480949402
67.79673099517822
76.74465298652649
112.6360375881195
148.20671319961548
747.6808314323425
154.17666053771973
118.0153477191925
535.3687119483948
345.9820988178253
730.1963651180267
67.99488806724548
389.43822264671326
292.74918389320374
304.28567481040955
659.6431274414062
292.51242423057556
330.64574933052063
335.88470578193665
518.0525486469269
511.64730501174927
153.55856370925903
115.7217664718628
506.60365200042725
152.810546875
1668.252700805664
147.4424340724945
1126.5256435871124
158.12928366661072
161.10803127288818
333.1204090118408
67.046311378479
1295.042119026184
522.9871888160706
160.00451564788818
332.05887627601624
484.6950099468231
1083.1464729309082
659.7678899765015
307.2493987083435
146.12233424186707
483.8345093727112
344.2012720108032
340.599004983902
729.3330805301666
924.9421827793121
