3223.543469429016
1170.3764202594757
2495.2436809539795
3206.6069099903107
525.9682812690735
404.8396227359772
562.6758456230164
1177.4090604782104
3276.19761967659
1804.2005150318146
4079.7789850234985
551.246452331543
1148.2108550071716
1160.4673857688904
1816.2808125019073
4576.223718881607
1643.458039522171
490.15632009506226
2843.1259291172028
2842.674393415451
1066.531790971756
1228.009824514389
2601.5863642692566
5196.00461101532
568.5461738109589
959.8636145591736
1115.462236881256
1098.4098508358002
517.5404582023621
1673.2907254695892
419.1327726840973
1252.625964164734
1743.7351050376892
3060.150310277939
1025.2667076587677
395.6867151260376
2372.191198825836
516.4335873126984
501.9243450164795
2960.9301958084106
397.92164397239685
2642.1853132247925
520.5589861869812
4141.148212194443
1171.3169906139374
382.3603935241699
6177.843536138535
567.6087734699249
1893.4480774402618
569.8179137706757
