3878.8532242774963
2620.1249911785126
2578.097548007965
1219.4711368083954
1220.2616746425629
1017.7644500732422
8108.809502124786
1031.253543138504
3369.989981651306
4750.194757461548
2276.795061826706
4983.210387945175
4709.8166625499725
2165.5915398597717
9346.761507749557
3662.368442773819
3529.7228610515594
7833.448728084564
3341.9177281856537
6045.47939157486
1112.6792964935303
3952.475463628769
2414.58863902092
1194.9226353168488
5337.687829494476
1098.843505859375
2606.1164994239807
4077.6506950855255
1253.0384142398834
3925.6870205402374
8066.447171449661
1034.3509531021118
1017.7676928043365
3447.9322049617767
2148.250645875931
4027.6723906993866
1208.28666639328
1191.3757247924805
2528.1448504924774
2479.5355446338654
2442.7419996261597
7121.131881475449
2456.8073875904083
2457.5622634887695
6685.2981724739075
2482.805468082428
4037.0721106529236
4059.820043325424
1188.023312330246
2491.6924154758453
