2023.313660621643
6870.923207044601
6542.355934143066
4077.3821637630463
1923.969652891159
4367.546251773834
12628.48125052452
2046.8331356048584
6371.574554443359
1809.4082429409027
2008.6206965446472
4279.59810757637
11856.47602057457
3848.3308329582214
6033.055988788605
2004.9454362392426
2164.3634083271027
4399.0321798324585
2067.423115968704
9150.164974451065
4492.352155685425
12600.981248378754
1909.593932390213
2073.6631467342377
2045.2079946994781
6921.4574337005615
9048.063881397247
3983.9959678649902
8445.142843961716
3808.2623856067657
2027.0953333377838
2013.7977349758148
4287.761634588242
2009.596397638321
11593.780138254166
12064.334434270859
11385.888889312744
8186.155164241791
5923.025176763535
3734.31929564476
1912.2818143367767
1917.4959213733673
3968.2531654834747
1796.2221450805664
16174.826828479767
4236.549829721451
2049.901012659073
9061.231787919998
6210.192714691162
3887.1542015075684
