7796.056291818619
15330.99280166626
15042.818696022034
6812.022017240524
13396.391665935516
53354.75142168999
35579.80251336098
25079.779569625854
23456.404999494553
15066.106419086456
24409.572697877884
49004.62684106827
18228.20342183113
17961.52512526512
23986.013135433197
26867.031784296036
15039.355490207672
21684.93754673004
42311.21662688255
17297.875355005264
24338.20157814026
49900.082057476044
19335.10542368889
32560.403366804123
15793.44666671753
33918.6718583107
56084.44690275192
5382.47535943985
5400.6422073841095
11473.791157245636
16996.72091770172
15018.615281581879
14367.470221042633
13891.588468790054
6442.874210596085
18608.217019557953
32505.882682561874
13121.429871797562
12277.986177682877
11777.473873376846
17235.494819164276
8061.412973642349
7059.216581821442
7038.90914273262
14532.075610399246
36841.916885852814
14717.977744340897
6662.632486343384
27956.805460691452
18585.02301311493
