47092.1275639534
11709.09865784645
39412.870354652405
12223.46486568451
59997.61315870285
31256.761593580246
30279.1927485466
21629.024928092957
48272.87593626976
45203.915489435196
11407.350963830948
48009.379529476166
37815.48847794533
22578.008744955063
37927.69935917854
11785.543741941452
12507.40430021286
11317.567424058914
22209.632730722427
22520.993669748306
44854.23924446106
39108.27268767357
22415.92878627777
30759.582560300827
6879.526289701462
6873.633812427521
3242.1764953136444
14975.015046358109
6863.08248090744
6813.039993524551
6803.6495542526245
10775.47450208664
6643.274457454681
3272.788060903549
31138.662558078766
10847.645698547363
12363.42626953125
11555.585422992706
22159.10698413849
12066.367616415024
11845.383947134018
10673.44818353653
30996.06064724922
11493.204384326935
12072.683773517609
22756.270576000214
11398.224003314972
31224.174238443375
11824.308674097061
22080.74643754959
