14615.27439069748
55599.2732565403
35784.858142614365
26634.431108236313
26069.931420087814
58028.067902565
25834.958253860474
13859.58244729042
26284.754796266556
26044.116338968277
58288.87231683731
14177.682462215424
13953.802696704865
33032.16785573959
14170.762734651566
36085.132090091705
26311.029442310333
46157.79887676239
36296.54265832901
49321.1701669693
41624.628952264786
51861.49726772308
41789.67649960518
14295.662922382355
25901.171523809433
36660.071142435074
52017.22257518768
14048.776714324951
14238.414210557938
48416.78219914436
61297.61595058441
45428.6769797802
13444.948241949081
26181.51931452751
14436.434058904648
50825.431547403336
52592.4957318306
26494.218210458755
13498.672028779984
26129.91963815689
