17035.733956575394
33592.65296936035
50473.445668935776
103531.12601876259
51929.7817633152
41249.350239515305
30136.84484052658
16647.36635351181
53962.64542412758
16103.112568855286
69867.99611759186
29472.58421730995
4463.259332418442
33475.76137590408
20298.147848129272
26455.50411081314
14646.715710878372
20366.436101436615
26930.388386964798
9304.585725069046
9463.077693462372
48619.192846536636
17000.148307561874
16689.08456659317
45658.76247000694
16892.826113939285
29661.762856006622
29572.592126369476
53407.43123435974
41351.18059515953
29532.076544046402
65439.19928526878
47538.66107439995
16469.85368871689
42779.26433515549
38252.22650265694
68659.244161129
17131.343202352524
37951.176600933075
40426.56473207474
36416.325333595276
41388.36426615715
29891.072028160095
50112.87041091919
29533.592150211334
29636.630254745483
16631.805114030838
17567.489551067352
17099.773094892502
30222.43813276291
