5644.868513345718
47412.85379266739
14155.141079425812
50724.183968782425
84072.43837285042
14167.095169782639
8116.731584310532
26871.92257642746
26754.420335769653
5859.61195230484
8177.735729455948
5383.915774106979
47125.22961258888
11235.625889539719
11050.915981054306
17384.592315912247
5179.3468453884125
63436.28786253929
17150.495683908463
39236.07060480118
5492.620913505554
11093.400422096252
31597.501356124878
17293.640774726868
11055.299967765808
55861.23095583916
24055.126250743866
11382.72184753418
5287.243532657623
5544.9264142513275
31457.563596248627
10950.75508069992
5523.088403224945
11069.667605876923
84969.06499862671
24261.622010469437
8105.5948803424835
5340.762557506561
11337.063649654388
17521.8647711277
46861.27652478218
17565.688489198685
47470.711206674576
17093.863458395004
5215.595230102539
7615.077783823013
13699.628321647644
5187.448041677475
5408.008225917816
14037.454453229904
