288439.35567474365
13021.052466869354
28871.868817090988
65914.04251170158
27117.826286554337
87012.77380394936
21045.167821407318
42589.06817984581
34834.82962059975
45346.58074784279
89951.25064015388
43676.587763786316
18940.111245155334
16433.24284005165
31586.629387378693
60200.767491817474
118859.85192036629
30577.388629436493
44779.12254977226
13252.698085308075
194213.00157785416
14264.794821500778
58630.0840382576
27850.55894589424
5900.298270225525
30836.000130176544
177732.67230820656
13395.302236318588
61487.89902806282
85907.04433226585
58097.07199215889
22647.849051713943
21766.531008720398
83896.42824101448
67804.76689863205
31282.312735557556
77517.67776465416
122002.71109724045
13372.981941461563
13502.788465976715
29158.93280529976
199664.36655664444
123667.66950631142
17372.622358083725
17729.47822356224
58105.01068902016
23585.123379707336
90932.41847729683
15135.772453546524
44767.06654405594
