161111.18555355072
19114.104437589645
35342.72197318077
66459.75039720535
77290.55773925781
99010.66196656227
23716.148169994354
21983.059079885483
39802.75684404373
111169.98522424698
67026.83789730072
129254.59234929085
69911.28589630127
30307.191796779633
32042.739352226257
34299.83406472206
189553.54441070557
75178.73280262947
14089.058005332947
14557.044516801834
68867.1187016964
103745.88708233833
68599.96476006508
40232.27735590935
49465.292711257935
128759.09770083427
21132.08384203911
136768.4181547165
23061.248249292374
66410.18236351013
66976.7656428814
52494.26099348068
136467.25235581398
142024.8282737732
22230.25822019577
35356.286014556885
29759.67532467842
130330.55002379417
51710.3921983242
31050.224593639374
130527.97849607468
21523.378974199295
105410.44419836998
62485.22032666206
14553.39440703392
131885.21222019196
126821.89353299141
59544.1053314209
24488.369347572327
22825.449148893356
