1234567890123456789012345678901234567890123456789012345678901234567890
313233343536373839303132333435363738393031323334353637383930313233
343536373839303132333435363738393031323334353637383930313233343536
373839308000000000000000000000000000000000000000000000000000000000
00008c

61626364800000000000000000000000
0000000000000000000000000000000008

3132333435363738393031323334353637383930800000000000000000000140

3132 3334 3536 3738 3930 3132 3334 3536 3738 3930 3132 3334 3536 3738 3930 3132 
3334 3536 3738 3930 8000 0000 0000 0000 0000 0000 0000 0000 0000 0000 0000 0000 
0000000000000000000000000000000000000000000000000000000000000000000000000000000000000000000000000000000000000280

3132 3334 3536 3738 3930 3132 3334 3536 3738 3930 3132 3334 3536 3738 3930 3132 
3334 3536 3738 3930 8000 0000 0000 0000 0000 0000 0000 0140

0000 1111 2222 3333 4444 5555 6666 7777 8888 9999 aaaa bbbb cccc dddd eeee ffff

3132 3334 3536 3738 3930 3132 3334 3536 3738 3930 3132 3334 3536 3738 3930 3132
3334 3536 3738 3930 8000 0000 0000 0000 0000 0000 0000 0140

31323334353637383930313233343536373839303132333435363738393031323334353637383930800000000000000000000000000000000000000000000140

313233343535363636346b6a6173766e6a20616e733b646a6e666173646a6670616f7362646670616a73647076666a61627370646a6e6173706a646e70716f77
756566682d38302d31683375687770666f75687165707766756833392d343779743234353739747532392d2d6739713038312d393868662d397175662d393138
682d663139752d6675392d39682d3975682d75682d7566682d7568707568667561737064766a6f6e617073758000000000000000000000000000000000000560

353332613477747965727a747875796375766962676f37386636393764353836347337357733377334366435377236386f67376975627667636b66787a797277
6134713233773536653772386f7470397938686f753b626c766b637978757465733536653537723638746f3739707938686f756976796f756369797872757465
73353664356537723638746f3767697976756379727875747336643537697236386f74377039686f3b696c76756b6379787275747336646937666f6769796c76
636b7972787564666f67698000000000000000000000000000000000000000000000000000000000000000000000000000000000000000000000000000000658

31323334353637383930
31323334353637383930
31323334353637383930
31323334353637383930
80000000000000000000
00000000000000000000
00000000000000000140

313233343536373839
308000000000000000
000000000000000014

313233343536
373839308000
000000000000
000000000000
00000014

313233343536
373839308000
000000000000
000014
