3271.2011840343475
27644.675225019455
12273.888356208801
5306.686087369919
8474.059905529022
11014.214854717255
6936.833932876587
9935.429965257645
20046.76612520218
8337.390046596527
10661.083159208298
3104.6838760375977
3106.8092210292816
20854.447689533234
27603.01336479187
2962.4396276474
6221.544709444046
12654.073829174042
23916.18652701378
2492.5045545101166
11133.159970760345
3217.6236367225647
3308.9495375156403
16911.890159845352
2700.3607337474823
3102.6382842063904
16865.449905395508
8974.272565364838
2759.5429759025574
2769.3115351200104
2984.3802659511566
6067.443479776382
6039.552906751633
5833.80081653595
2773.748370409012
14535.487586736679
6394.928912639618
16807.719664096832
2648.3604543209076
8931.365924358368
3308.725119829178
7115.646369457245
22389.46953511238
15484.310418128967
11470.711533546448
14515.954826116562
21215.201913833618
5717.775682687759
2681.1258456707
8636.839214801788
