10024.865349531174
9899.667844057083
8807.395156145096
12983.862948417664
11769.406427383423
4962.019066333771
9947.653427124023
9511.839886903763
8271.023498773575
12727.530169248581
10233.851962566376
4638.5455956459045
4683.838328123093
4392.633325338364
13431.522947311401
27372.000541448593
8482.218874692917
3983.350768327713
12062.39250922203
3884.976772069931
10334.191148281097
4689.569811344147
30392.271635770798
11912.214207649231
7293.431542634964
32379.907800912857
13126.583273649216
12045.786438941956
20453.199726581573
15060.898802280426
9758.503127098083
9196.977101564407
13470.631296157837
18216.897538661957
11636.546749353409
20758.94066810608
41892.55516195297
7279.4565505981445
3159.6148583889008
24615.919778347015
26888.589779376984
13049.08231830597
12497.126989126205
11625.936444282532
7109.296967744827
9009.113971948624
4116.392557144165
8445.732387065887
12950.870017528534
3777.406573534012
