12019.415759563446
5679.936359405518
5530.54674911499
5483.119570493698
11349.480640411377
12111.211529016495
11591.755513906479
11528.132991075516
16484.014966487885
5123.871477603912
5910.662627220154
18404.546907901764
38347.8433277607
32645.052622556686
55322.52950310707
6503.355690479279
20104.490310907364
30941.96240735054
40053.42823433876
4121.140070438385
13648.099897384644
6138.125924110413
6044.1663410663605
11357.360553979874
29640.8583714962
20641.08625650406
5940.466331481934
11530.482555627823
17471.12838602066
10365.967859983444
6276.714150667191
5522.968984365463
5636.036794185638
5435.845188379288
5598.318318843842
6454.408651590347
6703.4277012348175
48707.236478328705
4501.468885421753
9510.83724284172
5859.582798480988
18402.099024772644
30968.611904859543
4929.515157222748
9358.29214477539
13375.974341154099
19016.5272231102
24410.475849866867
4801.846027851105
4430.514321804047
