11130.454131364822
31619.076919078827
58214.86194896698
40660.46099281311
5886.682673931122
10905.263642787933
21094.920640945435
19289.987303733826
8338.757612466812
7806.619767189026
21448.985074281693
9663.791360378265
19365.64647245407
8436.33091711998
16401.02156996727
45829.649610996246
18057.14481163025
8097.983018159866
33760.462871551514
38405.802289009094
45861.513656139374
8909.136172533035
25658.841066360474
23692.37576317787
7013.443773508072
93901.09087896347
22754.98980998993
14012.471851348877
19350.791038274765
31216.21944618225
46639.97305774689
8749.137743473053
34146.68059372902
23467.1798889637
14119.27570939064
23134.604457378387
50733.21610236168
23396.518944978714
14298.135788917542
30492.356763601303
33306.567549705505
28966.46698665619
8227.745908260345
7309.083719968796
7378.050068855286
69672.81441164017
7425.833616256714
24449.28310918808
14596.770276069641
6758.1765649318695
