14305.301383256912
13067.343587636948
35499.4683406353
30342.574035167694
8618.072852611542
28885.068400382996
61419.22033929825
9009.293400287628
17895.784728050232
17276.39976119995
13256.170003175735
38581.8205177784
32554.329857587814
19430.234469652176
57963.82295179367
41376.0595331192
83260.16259026527
44486.753155231476
6494.389358282089
19388.76491522789
84154.91449403763
9309.876569509506
50092.80275058746
7016.213529586792
6733.686064958572
82968.74897170067
19769.09065413475
37971.27439522743
23185.603199481964
20393.50526380539
28832.0026576519
86958.27479314804
26162.337475299835
7312.642421960831
14657.080998897552
56109.136723041534
20042.430446386337
39732.131229400635
17498.44713616371
7907.995264291763
84090.58551645279
19388.04413318634
8672.610780477524
26074.916932582855
31234.717000961304
13849.955440998077
12610.786677122116
73608.51433730125
17559.409399986267
16911.08070707321
