340193404210632335760508365704335069440
323761080488068179625804908661123767756
125167043475540117639384807764768464304
19173382645396663654547037297566174131
10915576683251711809772889638242658495
10176095958978016320276792946411848571
41860632343924409698810233275298601028
95774195237504753240089025471640899717
322211170785173918210378150949379993701
157279285318261895580650053534308867389
283183133505367586358775690039013860214
190794317092206962835584735187567318640
209653608296474541911759919438816192027
170141183539676680987327083215772621192
129472559831552351805899893569021280256
113203950670541805972776169042898027020
196928583278996950040355429773562497456
28449346917327218638355786280307462343
284979201257476609977642369693207962904
313401162532888868161651871773624696682
204858426585531012576190254468037008972
78926109579595311615972530626966211645
177939624628443311515192335603257613731
194957000263987542548955603559297969365
269569071013908801751030682530674858555
240217484062979490084843600111135956310
337531346528462035833732507849329226846
178548679448126846382237740164468059193
24948403830176022133195911114135910798
286027854143140604509558560290073011014
82462725957990865410798315657508091391
82462725939141989473618596415260990733
340193404210632335760508365704335069440
323761080488068179625804908661123767756
125167043475540117639384807764768464304
19173382645396663654547037297566174131
10915576683251711809772889638242658495
10176095958978016320276792946411848571
41860632343924409698810233275298601028
95774195237504753240089025471640899717
322211170785173918210378150949379993701
157279285318261895580650053534308867389
283183133505367586358775690039013860214
190794317092206962835584735187567318640
209653608296474541911759919438816192027
85070591809442065121483431357830568328
111724409894932727665964043963912421376
60297761539129459424495690430903310002
255165842525611380997121191810598497580
245784489492191032046761219716684392280
66662269337355684360734264909902667501
264066896028330718049042491321990164386
224885950836313305911037215375756980010
249487009930375781387945152657216206187
213459084916123166248946837105610421063
161424220365090480438430132975007349103
27695177648897211513728061939177827465
101536896299822010966441485193719440814
53047671900688482296229255637023017854
266591531841637554242494469502891760679
2589089692922798665654198259212593490
237974703501228801297359555652769457146
249254118543642925164325921650670846656
249254118534682642860399912531694623584
340193404210632335760508365704335069440
323761080488068179625804908661123767756
125167043475540117639384807764768464304
19173382645396663654547037297566174131
10915576683251711809772889638242658495
10176095958978016320276792946411848571
41860632343924409698810233275298601028
95774195237504753240089025471640899717
322211170785173918210378150949379993701
157279285318261895580650053534308867389
283183133505367586358775690039013860214
190794317092206962835584735187567318640
209653608296474541911759919438816192027
42535295944324757188561605428859541896
192200029176907333938110179835602010112
203464656364977656449203410880291168528
8935154504771241766023239329375182352
311290922758001717256867619570496100641
103459069994372418684509814985195549553
181275312654665944432921666072922652153
245849335762910971072249762310126590707
264984715014104563863122150252826909720
249966478332213827350811857354525127458
184361506404692821393860108518482103013
203823234898219401352647452595800161293
169430067823258571016513663991348129113
324074095456252008644805101502202317642
320420961682259234954709536222877738628
324663686938502286166826149588358845726
311152348433035048406710951529941037983
227984774747091001179144756208950690611
227984774764339900484638476345961068318
340193404210632335760508365704335069440
323761080488068179625804908661123767756
125167043475540117639384807764768464304
19173382645396663654547037297566174131
10915576683251711809772889638242658495
10176095958978016320276792946411848571
41860632343924409698810233275298601028
95774195237504753240089025471640899717
322211170785173918210378150949379993701
157279285318261895580650053534308867389
283183133505367586358775690039013860214
190794317092206962835584735187567318640
209653608296474541911759919438816192027
21267648011766103222100692464374028680
181647338651994414321263716848344498176
71889925318545039604317672752730865984
35172946454664979022015434823663189753
49613300590921723067238072762984960038
4547069176431321280098833434215132307
125738777019870653893893147840677133265
49420124234170460260419939638628083799
297158669152753439291254986296494258239
163758190702052067332090922508311506315
287667175816480848951912705169500057128
315462702060019349580917677604301614795
337677270747305542948790001545965201419
63463010311926587048442664559982560983
55158180422776296951443338595202402300
60352792278873130633790967929943036994
100407988253876401734678406144629114469
320816929794402181003497267191641399304
320816929768669111205232298848223666410
340193404210632335760508365704335069440
323761080488068179625804908661123767756
125167043475540117639384807764768464304
19173382645396663654547037297566174131
10915576683251711809772889638242658495
10176095958978016320276792946411848571
41860632343924409698810233275298601028
95774195237504753240089025471640899717
322211170785173918210378150949379993701
157279285318261895580650053534308867389
283183133505367586358775690039013860214
190794317092206962835584735187567318640
209653608296474541911759919438816192027
10633824045486776238870235982131272072
335301907550348587821614716475628584960
231203186114236123579457763718398528613
30262313396524244928415105900625272107
300017817772659605348312406120393363263
237356709721462950331569105655565735028
158690510317937053589009916076231834958
176349315275821401725396521114832907833
302516124475842688590170133642208846983
211070724172162919974759353482422418556
116700637250618628487621717082900184616
43274381747433475782292822513987336613
42017702977568026495095739445532317631
161356627466623959091493972425498710195
240064725624828725726461197856580839411
279207100365303980263907682278608390348
59678957407073312371716605242713658591
57973161831622051236993944046006550469
57973161844859447733902258031392735134
340193404210632335760508365704335069440
323761080488068179625804908661123767756
125167043475540117639384807764768464304
19173382645396663654547037297566174131
10915576683251711809772889638242658495
10176095958978016320276792946411848571
41860632343924409698810233275298601028
95774195237504753240089025471640899717
322211170785173918210378150949379993701
157279285318261895580650053534308867389
283183133505367586358775690039013860214
190794317092206962835584735187567318640
209653608296474541911759919438816192027
5316912062347112747255007741009893768
105316551942352623895859771020985499648
150117835450193290505451943328078314216
156188870796009242474156516706519852217
156388792590653166047828795496920572384
56188868205767294535849161823003042503
73212381516556565939867603834805523734
131177479072347539981233857343492731160
301619833476550400197480987980966386958
29460605355980491552114602920160910829
84538578656824714244561629858323097596
127848432611067166174808234411536517562
229739936860051070891767106209267496548
66685989469567145839609338538453519720
157438283914179605285951704331541233952
163592624340805289599852266385401021106
199110597432982747053200305647680408347
28602040286056512423286441927468863074
28602040323539327484278523290521598330
340193404210632335760508365704335069440
323761080488068179625804908661123767756
125167043475540117639384807764768464304
19173382645396663654547037297566174131
10915576683251711809772889638242658495
10176095958978016320276792946411848571
41860632343924409698810233275298601028
95774195237504753240089025471640899717
322211170785173918210378150949379993701
157279285318261895580650053534308867389
283183133505367586358775690039013860214
190794317092206962835584735187567318640
209653608296474541911759919438816192027
2658456070777281001447393620449204616
39375440406439666099337054980577165312
22417371058087701481331591536902631193
234013134670937960330857275650404609466
9610832018324678979372476090354059860
177772122646351918482855455543713790618
326660054696591152930132923058669595225
8391165259327649997923361953855598631
307529925798307790772654273055849190499
309687244480826956689085530359033764858
182676626925948816238809405015293925376
286665303533237296687687183643764997396
64049186676436652117423268593287150253
272981610794845543157539835001361624246
181853714781541948125190650794260453513
202778899196696067103447682483676495968
50629018278027813750618642608666037151
88576212153945213966764100637764799315
88576212196104123642451101954253376329
340193404210632335760508365704335069440
323761080488068179625804908661123767756
125167043475540117639384807764768464304
19173382645396663654547037297566174131
10915576683251711809772889638242658495
10176095958978016320276792946411848571
41860632343924409698810233275298601028
95774195237504753240089025471640899717
322211170785173918210378150949379993701
157279285318261895580650053534308867389
283183133505367586358775690039013860214
190794317092206962835584735187567318640
209653608296474541911759919438816192027
1329228074992365128543586560168860040
274007986873099003586789707709534961664
150670359028323817542147079968177521865
123539103637733807465470342528220401213
326107647814094049413428468948858356754
184530375045756921238386627632050867300
240917807332849367640206341491788038635
27762436196793621901245824223504438521
74100055890988967235308205443635141064
80185096977593184094946017212073191122
250006409853054280725005928504170321538
77211613213797712983820579960125750188
187543851459285011711220716440053508721
210042820317503749422492182153717588422
131080080700023949880732226593625523861
145424842879700985083910118736417069809
124905890976643070898200485066137128531
38390783847516168049639577007706079203
38390783787056215834522242675820504813
340193404210632335760508365704335069440
323761080488068179625804908661123767756
125167043475540117639384807764768464304
19173382645396663654547037297566174131
10915576683251711809772889638242658495
10176095958978016320276792946411848571
41860632343924409698810233275298601028
95774195237504753240089025471640899717
322211170785173918210378150949379993701
157279285318261895580650053534308867389
283183133505367586358775690039013860214
190794317092206962835584735187567318640
209653608296474541911759919438816192027
664614077099907192091683030028687752
258873942191096163730441670225813307392
271500315861201919281083068298440036038
163103901332822400682059650859110829839
29256824388584575278742459021062875956
57752749059024474345891222401948231887
269344887677792609324791464540255733342
332538914277826646819827382119729066046
317810469233506993355767436317123455567
7302673814898312475920338719008625127
145758677556652778827273650953019879838
155602110521065405864492216539677202853
197093609920448248601672507164892061788
242841979780276918287607487941348612408
161259972313965346510434124049186662911
211166911337335313297080322924626414203
80363826597408367156291870903553049741
24950220418248064029690616296519336591
24950220397777366494451417772893661299
340193404210632335760508365704335069440
323761080488068179625804908661123767756
125167043475540117639384807764768464304
19173382645396663654547037297566174131
10915576683251711809772889638242658495
10176095958978016320276792946411848571
41860632343924409698810233275298601028
95774195237504753240089025471640899717
322211170785173918210378150949379993701
157279285318261895580650053534308867389
283183133505367586358775690039013860214
190794317092206962835584735187567318640
209653608296474541911759919438816192027
332307078153678223865731264958601608
224582092929760166247025654588107653120
208267711757789229554524679841818931218
59832902179945399426425519529954043642
221362852744379589315602407639256098262
161208519663623322758676132330023219014
321553591403334028227283393262316396972
12832973394885899791071236387886397459
27376976586711904075511341800931953264
129821010517336016310937122410946141480
254938993940929638046430365443005521405
177173671210704957189944473406375950040
79303051186634925254430728285667879018
8662089138872334545579812981576382027
252571081637071850949376774245684888055
20304448803601495471395803297906650049
258383736382871365075334747597725662877
162817460073429639691500458571332773314
162817460117396623903236417178483473727
340193404210632335760508365704335069440
323761080488068179625804908661123767756
125167043475540117639384807764768464304
19173382645396663654547037297566174131
10915576683251711809772889638242658495
10176095958978016320276792946411848571
41860632343924409698810233275298601028
95774195237504753240089025471640899717
322211170785173918210378150949379993701
157279285318261895580650053534308867389
283183133505367586358775690039013860214
190794317092206962835584735187567318640
209653608296474541911759919438816192027
166153578680563739752755382423558536
78078416967873123465752972357317689344
25554363249767789484013231260257049387
219032909961779132569181567677237925730
84966766296446984595991454492465312826
327192712917511193747758267308794708226
154439368104955480668726627033470666299
28811795497097217890102164200841277627
167312133298905763656818068584777184049
1651826929919638150793672247419544846
334865667491907604810395179081816482138
289643459476745103772948141346432796697
340142756274937467395889117392838020378
204011931162995039481132665154224594089
1888135782131250572198148712861222091
209661068270244933413009888936511382600
118131785277980803183141547386200604865
110199508046307879889454083810585959089
110199508059160831611598240287326536020
340193404210632335760508365704335069440
323761080488068179625804908661123767756
125167043475540117639384807764768464304
19173382645396663654547037297566174131
10915576683251711809772889638242658495
10176095958978016320276792946411848571
41860632343924409698810233275298601028
95774195237504753240089025471640899717
322211170785173918210378150949379993701
157279285318261895580650053534308867389
283183133505367586358775690039013860214
190794317092206962835584735187567318640
209653608296474541911759919438816192027
83076828944006497696267441156037000
160320556007357551167188046582220062720
309347590237963314954647198505889471919
4218407568561005232224344831621213633
110765165796379504316249586541548826509
93682590805760027773593059024522483791
263090702242548206307041633926653844566
73380839603230370988276876914088307992
10066388619636000967207834798766990008
160960780515912535652310313350682818375
322148038788499667935410368060293901104
278530238625264394076850422051728225431
173996367734971763727584145678543812866
128824261402611818267181941423528639298
321368328449656919779170433984692397687
45235131661451694612411548721989634535
239547127249342734792430638647451580462
211049555184060237291604033755541870906
211049555182921748796261618238618662360
340193404210632335760508365704335069440
323761080488068179625804908661123767756
125167043475540117639384807764768464304
19173382645396663654547037297566174131
10915576683251711809772889638242658495
10176095958978016320276792946411848571
41860632343924409698810233275298601028
95774195237504753240089025471640899717
322211170785173918210378150949379993701
157279285318261895580650053534308867389
283183133505367586358775690039013860214
190794317092206962835584735187567318640
209653608296474541911759919438816192027
41538454075727876668023470522276232
262253985627591435983450730892456624128
126891827935767438527204947450517014472
58330149692520154640532067246918760996
289533901205469842823137567136001686123
299966280727196948906431281485768176502
222589914418126541286168450231616366460
253008946451868639636933928896035111446
287786240016198358201463366360510218280
306360927221189510319421868987323096348
248792641979054365207619930626140600293
64794973221783653290836088696150407244
206035649981039546499006183976734756563
10645169920540730126600506508014847445
11775010394887911987454629804593262438
224253784380264892024082778082489649365
124780277165120754444778839557134464309
159255472770853065637826676965865672358
159255472766132992693987948280280702806
340193404210632335760508365704335069440
323761080488068179625804908661123767756
125167043475540117639384807764768464304
19173382645396663654547037297566174131
10915576683251711809772889638242658495
10176095958978016320276792946411848571
41860632343924409698810233275298601028
95774195237504753240089025471640899717
322211170785173918210378150949379993701
157279285318261895580650053534308867389
283183133505367586358775690039013860214
190794317092206962835584735187567318640
209653608296474541911759919438816192027
20769266641588566153901485205395848
147002513903272604189080708854348775424
11821433365297395590368908112700090243
240571706852357667101605077431372528042
85463705971434918439422732341543202023
233046155123601711598410879844844549639
162657453563170515878495920762549112462
308340918436768682343012943062139580320
148895441024881079918648904733997681920
211670197325572745162285409583887562758
59988626787395097094138018338837508727
311624214762846343013483112181931271078
108894092763201728178971837813130044418
312988131512758914758703905004998901065
302955529963944059693186529033044054603
313930277053328881787050650083701497049
225664453428227470824815450374324143528
113832891853228630710329446352824919184
113832891866083709286725069320651637784
340193404210632335760508365704335069440
323761080488068179625804908661123767756
125167043475540117639384807764768464304
19173382645396663654547037297566174131
10915576683251711809772889638242658495
10176095958978016320276792946411848571
41860632343924409698810233275298601028
95774195237504753240089025471640899717
322211170785173918210378150949379993701
157279285318261895580650053534308867389
283183133505367586358775690039013860214
190794317092206962835584735187567318640
209653608296474541911759919438816192027
10384672924518910896840492546955656
152329084750160706674620641225543385088
251680319209676202264135675404957090747
194216112021914429914962071085940989383
117426218448669516606088464907521272223
36503449067671529938258137696454539151
201222056006466776943978194015161306878
156810295063385115295081450222454437204
15002584904476720606403080835927937140
214004845150984157930680191008782247051
266384251887995750117638108507614991741
83917115589905842477857475488771456417
133156017887355209399742989258329282876
337921482581836359011727123794996554380
173517175996430545414772085824775868266
231405034152508820068671018989446115656
73009792974592347412814465838983085323
302997709848376419687003811218312735926
302997709830376224819970446173598190430
340193404210632335760508365704335069440
323761080488068179625804908661123767756
125167043475540117639384807764768464304
19173382645396663654547037297566174131
10915576683251711809772889638242658495
10176095958978016320276792946411848571
41860632343924409698810233275298601028
95774195237504753240089025471640899717
322211170785173918210378150949379993701
157279285318261895580650053534308867389
283183133505367586358775690039013860214
190794317092206962835584735187567318640
209653608296474541911759919438816192027
5192376065984083268309996217735560
221918160370684698493146224335519809536
152703877059681409674939784565416518158
164146138699614810326282016304813683307
23030792186042525164360865057955734905
142600801731751755520644866002610524601
260640977066664287695692080587894942296
254277417205203859132390823137868357713
956150086203979982381428268124081304
69042816685978919286259403010736661974
273720578290759852305443036400096192941
324249768311010154551693638676301785714
232725717277383082507891544419246029787
40832198793801317971603017158698031039
305200492238370272253801889570200485588
16300206702934539926009438811675392521
110380843230318613513266942075902053949
195314284394900794947349006025457570750
195314284446530227649623357766989492616
340193404210632335760508365704335069440
323761080488068179625804908661123767756
125167043475540117639384807764768464304
19173382645396663654547037297566174131
10915576683251711809772889638242658495
10176095958978016320276792946411848571
41860632343924409698810233275298601028
95774195237504753240089025471640899717
322211170785173918210378150949379993701
157279285318261895580650053534308867389
283183133505367586358775690039013860214
190794317092206962835584735187567318640
209653608296474541911759919438816192027
2596227636716669454044748053125512
70469037706242408794546861945502334976
107743442079622139158852034855166007246
105654506167040402673500924499633021396
171078606988511436167355680521302331734
42148150207031000688554407237917117068
33711446673723462003175800339877425214
217727366543403446002057281604708767397
106251374259180345461873455321733448695
35836550809440704161265362224129459508
5811680109971167973929292913584758366
176910881173591907938346637701775575539
207251328133642688894299155005001157597
76269652096265378926563220792967636837
291437226633580247902837564762323222572
101357821245213105425755604540071134374
52509894938486005421806726436486172265
98341992103443011462753114464658196916
98341992068100594972149459702360001155
340193404210632335760508365704335069440
323761080488068179625804908661123767756
125167043475540117639384807764768464304
19173382645396663654547037297566174131
10915576683251711809772889638242658495
10176095958978016320276792946411848571
41860632343924409698810233275298601028
95774195237504753240089025471640899717
322211170785173918210378150949379993701
157279285318261895580650053534308867389
283183133505367586358775690039013860214
190794317092206962835584735187567318640
209653608296474541911759919438816192027
1298153422082962546912123970820488
147518516942979531022520923816349155328
261434495229901481329607722204743272557
244876296121545824766859522469977289673
52537616233725261106322425004479313290
174332157549641206857819980139805958264
137443324714932834066937205341439862521
195930269740717143809629317563041619736
175056359741939575848996821468992424991
114143657303263143216878923514809327846
48925856795962983983257347127162913997
143915304879240284328660199081857959674
247607370029339907030589619269691315290
2666481610370823947909279426145645024
211345374631666214325399200241624910769
248429589845142073203595716005805925240
71277347919108979177625517169163226226
178814969428360393125279529649357948051
178814969460870167791379682280524962274
340193404210632335760508365704335069440
323761080488068179625804908661123767756
125167043475540117639384807764768464304
19173382645396663654547037297566174131
10915576683251711809772889638242658495
10176095958978016320276792946411848571
41860632343924409698810233275298601028
95774195237504753240089025471640899717
322211170785173918210378150949379993701
157279285318261895580650053534308867389
283183133505367586358775690039013860214
190794317092206962835584735187567318640
209653608296474541911759919438816192027
649116314766109093345811929667976
158678091548256239809174404159890268160
243339766766965608757786485392544909807
155228296668224135582207016180330367179
111042321400457827511301318812182766058
81488373252863015816491684683582142754
280991368739608397922346180488832358142
167187455507155159972416241229132789784
277919096374922807731489442210632901111
39046300870950791140722109628103869791
131758757248079380375703885790973004612
118702106720779472086962158727287787592
337651805139771563068204804098940023221
105733108459422906620894301218578718538
222286719100239237902273124829003216058
247347079758278270639798321220052245863
307305431699404542025871974816365760659
96951191719019952162191947787005910928
96951191689820127864271840103365984395
340193404210632335760508365704335069440
323761080488068179625804908661123767756
125167043475540117639384807764768464304
19173382645396663654547037297566174131
10915576683251711809772889638242658495
10176095958978016320276792946411848571
41860632343924409698810233275298601028
95774195237504753240089025471640899717
322211170785173918210378150949379993701
157279285318261895580650053534308867389
283183133505367586358775690039013860214
190794317092206962835584735187567318640
209653608296474541911759919438816192027
324597761107682366562655909091720
286533692367696522289511316014527156224
252529906010168275435601581552341901759
245102710244514260866657302531586882980
255594913820245231594515468836476883102
84856478480263421632821099712173689393
142565363966159030948694690391995630438
42666116747274673522211522138052040481
297571115670135006980882939573800874487
138197693033609598205535396826108009658
262144049151824542166634810022825551955
276826044242042760478100632542213774206
43087249457970944493339038181753012669
147186661519205574013298152428951719273
12247426849868991941916766243447840432
19928805994086106109919364268705629379
201593977694579540353770214205933102590
51183931922927599280276239807970645627
51183931888608895920089540837700751382
340193404210632335760508365704335069440
323761080488068179625804908661123767756
125167043475540117639384807764768464304
19173382645396663654547037297566174131
10915576683251711809772889638242658495
10176095958978016320276792946411848571
41860632343924409698810233275298601028
95774195237504753240089025471640899717
322211170785173918210378150949379993701
157279285318261895580650053534308867389
283183133505367586358775690039013860214
190794317092206962835584735187567318640
209653608296474541911759919438816192027
162338484278469003171077898803592
12138795238328083895834365317382932480
324125792640747926021432246441686980816
187164579837107445102539154510457625443
316937305851729467498778459776687707710
196803404532273051933385433387526776735
68639979402372458409751395190489150717
6719889002441325054529589837996201028
337518388973511458081778213244487218203
219204682737050012463514497568203320669
21719035927776150252557979785267595591
53627683558213322726083906455064735525
26524244672379772217348209571071021295
261055582279704480111816014692057637434
37122189224578242938903296550354909679
208444325936637517274253861864185100604
64760624873665356503209374504937646778
27797418169469063593995716467589935442
27797418160675140964102191804255778888
340193404210632335760508365704335069440
323761080488068179625804908661123767756
125167043475540117639384807764768464304
19173382645396663654547037297566174131
10915576683251711809772889638242658495
10176095958978016320276792946411848571
41860632343924409698810233275298601028
95774195237504753240089025471640899717
322211170785173918210378150949379993701
157279285318261895580650053534308867389
283183133505367586358775690039013860214
190794317092206962835584735187567318640
209653608296474541911759919438816192027
81208845863862321475288893659528
319236063618141985661402512333637420032
296483010284344272369958988801467130146
33256481214848457179658353898364374270
31004398488255669792930229264203446046
11728894556204775825386790284994755293
300985757663505230575434725961174804262
20728197246737764812940072695842717587
317612055347166748347788936684561242887
159108636200523279328523800410271636311
127668102653945555430076629913408058732
290690564557947802532733134741372140400
165538646408782191735550619875865065310
15261348278268194339756187479746123111
175950610263435346012369176095293651600
301501125046539392999568155138055920346
298007967026152645781211430590168105254
260089289290983553813418854226261589802
260089289319496672828049231013108965404
340193404210632335760508365704335069440
323761080488068179625804908661123767756
125167043475540117639384807764768464304
19173382645396663654547037297566174131
10915576683251711809772889638242658495
10176095958978016320276792946411848571
41860632343924409698810233275298601028
95774195237504753240089025471640899717
322211170785173918210378150949379993701
157279285318261895580650053534308867389
283183133505367586358775690039013860214
190794317092206962835584735187567318640
209653608296474541911759919438816192027
40644026656558980627394391087496
161385772393336996559250575104514458112
52751405587021316544246077834264167656
61260111644234325319163601396295503129
141283519546242995925437795728742565042
18097149889602962855410153963272157009
161002209763710061954401082643188638304
170958259279580511134167025171191293390
319416309236638514730972925759539993842
175878684478047087945502921719368472557
325276738850725018068236031399340081315
81820471292580802686652956416872416618
249103220492189195913275522211916942512
93077321058338616167564724296588167424
82750230116036103957389689085848062523
262647056180474903783772009817698278742
21229265169774859531565745536364968871
88359287970398975934365197999749503893
88359287956989109316343471426564442521
340193404210632335760508365704335069440
323761080488068179625804908661123767756
125167043475540117639384807764768464304
19173382645396663654547037297566174131
10915576683251711809772889638242658495
10176095958978016320276792946411848571
41860632343924409698810233275298601028
95774195237504753240089025471640899717
322211170785173918210378150949379993701
157279285318261895580650053534308867389
283183133505367586358775690039013860214
190794317092206962835584735187567318640
209653608296474541911759919438816192027
20361617052907310203447139801480
169374263324744541970230724118410428672
284295315899481359610712722547443256299
248116007229784546407383205071932180804
269462705398250233314456996694922454945
24438627221483673576591542350046077211
158564170052224151504613062299135161689
332823986820617653760886228499647060267
208472312443823558612407400924593754488
9107499878894642100725392360703676049
178405783661558776030553301197153503849
257568839243086959660702168010945180735
221066836903453070550981781785374225466
14154814304174865032127797830217624721
289225767494515097652902990043496717882
321083587951877952763450613099159542604
213476152869780215261085547228331668253
108620478751199970567822757731073917683
108620478754867011107767032588211279689
340193404210632335760508365704335069440
323761080488068179625804908661123767756
125167043475540117639384807764768464304
19173382645396663654547037297566174131
10915576683251711809772889638242658495
10176095958978016320276792946411848571
41860632343924409698810233275298601028
95774195237504753240089025471640899717
322211170785173918210378150949379993701
157279285318261895580650053534308867389
283183133505367586358775690039013860214
190794317092206962835584735187567318640
209653608296474541911759919438816192027
10220412251081474991473514158472
237321890666579630385136639600765173888
276509946645088734480824045749075085464
157458755233041619160757728598062129389
149622433631235348002837110672284021763
191553619920386386385701987088986028934
284955689526715857879613415355009720992
296462052853224848562556805152348600371
246945276325451946296143670802794447798
37184824611440263936470803240645553699
70435031611486967912222246178251180390
99358410379119248236129667817532115756
202230132958733510139296990974351227864
161728563114659628761354425989920463707
184130233915307538915177082681790548427
110254657761573186822351405097524015472
293604144011802928198868662064050751058
289846833681374061067819479164747127277
289846833713159961847741366490553494454
340193404210632335760508365704335069440
323761080488068179625804908661123767756
125167043475540117639384807764768464304
19173382645396663654547037297566174131
10915576683251711809772889638242658495
10176095958978016320276792946411848571
41860632343924409698810233275298601028
95774195237504753240089025471640899717
322211170785173918210378150949379993701
157279285318261895580650053534308867389
283183133505367586358775690039013860214
190794317092206962835584735187567318640
209653608296474541911759919438816192027
5149809850168557385486701336968
163418361949858084028342797079918149696
224495968986372972807982729169244076879
16338347296472975377056656818071427541
223097414445802880844342068374225462967
1285051577936419791793751229895999428
195452383733922678711468997752605081071
190792733787162667638497853693965812357
78470146281265224586735725740785489930
165525201691243530706482605861663984874
338676463699743256359009762922914578055
106766719775164826263718467873706522331
210955487589572096297416321631222138291
246054208543391297009399876038643977358
243700795786457270859041871519245160730
164451984743450324189764213714445603045
92791120953204809645235620261978983640
112900689497698270594928701647893752698
112900689451435138263241171952761421769
340193404210632335760508365704335069440
323761080488068179625804908661123767756
125167043475540117639384807764768464304
19173382645396663654547037297566174131
10915576683251711809772889638242658495
10176095958978016320276792946411848571
41860632343924409698810233275298601028
95774195237504753240089025471640899717
322211170785173918210378150949379993701
157279285318261895580650053534308867389
283183133505367586358775690039013860214
190794317092206962835584735187567318640
209653608296474541911759919438816192027
2614508649712098582493294926216
188255101459735034211824490582462431264
132550586622445348527404839233371807004
113498446187451065512323454367067295868
280954785722288420090214059475898401136
278441311036445164278442030084946521193
142361374921974354816882390726052796554
329388385623741962137120984596141952433
22851032931289017489464639311525569856
235693939981351666322342454642437321448
40533144073688819760457441172735983725
154961038637904254331076020880294176331
202113785020668140787324129304644970771
180403887558697865437143396463261102838
300119929014207628091229543989318813280
132986127305903943455319213682899615470
52809693769712059674312730181450347084
324552248909698763540876093939267585773
324552248860544599961008781490119419086
340193404210632335760508365704335069440
323761080488068179625804908661123767756
125167043475540117639384807764768464304
19173382645396663654547037297566174131
10915576683251711809772889638242658495
10176095958978016320276792946411848571
41860632343924409698810233275298601028
95774195237504753240089025471640899717
322211170785173918210378150949379993701
157279285318261895580650053534308867389
283183133505367586358775690039013860214
190794317092206962835584735187567318640
209653608296474541911759919438816192027
1346858049483869180996591720840
170626285773776020159815412811862900752
202444638694974648688260104980929539428
105668273090243972964026021559076219727
143554903567637666114011316501763520537
254451060344989307178320323833445198642
150195180892972060241037458262274702812
253278539250307656133279438387457985061
223754766917135345677926373836511226907
263473639214943636416735230771737237951
50403847177488608463636103559701278040
42212238505513179445061089393149439368
38434321756514020839392344259623503882
58950066065551902829469390197102358109
323756699158691069466749559582085439143
94987471711253232262172115805066577324
323773966640940561352139030370209623022
118051022224004792572917970988793370886
118051022228682322436535545912697095603
340193404210632335760508365704335069440
323761080488068179625804908661123767756
125167043475540117639384807764768464304
19173382645396663654547037297566174131
10915576683251711809772889638242658495
10176095958978016320276792946411848571
41860632343924409698810233275298601028
95774195237504753240089025471640899717
322211170785173918210378150949379993701
157279285318261895580650053534308867389
283183133505367586358775690039013860214
190794317092206962835584735187567318640
209653608296474541911759919438816192027
713032749369754480248240118152
141037076389061441848727010085361942536
154463665117135044120520468421171396796
52036691106032463712526203185286913707
149128404059950029202237929956525336308
339304641323672462647855199061848167933
16330890663282851598863203726449160808
180024559785288912805088252881913067283
288842994746507192404054488476172646419
139073246259121205216583355347436905252
330392888680120492651645326627996469358
276390745549930646893077494170603445011
26702738837352982973997688970703465435
309693579372456440385801802018480112299
188974634005964490813266698420468109397
21113556284820830640059857594300969165
271022096750281092752490428287892476593
232968502946051303305754445438217680137
232968502878527088009110772902353204421
340193404210632335760508365704335069440
323761080488068179625804908661123767756
125167043475540117639384807764768464304
19173382645396663654547037297566174131
10915576683251711809772889638242658495
10176095958978016320276792946411848571
41860632343924409698810233275298601028
95774195237504753240089025471640899717
322211170785173918210378150949379993701
157279285318261895580650053534308867389
283183133505367586358775690039013860214
190794317092206962835584735187567318640
209653608296474541911759919438816192027
396120099312697129874064316808
150188429881446062991394927546936066052
196951825296158765685491741669440961868
234796906954361054269631610527387716275
147519819013946321742889755809803418953
251209170640059321263892254663944915103
107831040982975872061503060347111415900
227977005169191108252776989412800037065
150381479567897734660480724943801337386
98610390749963323104980963085644884833
123943869619460463614858248847849663393
171057756276548964665322006559259015314
325832541158982807026887673673210168967
331608171477794904994447336153219666069
203158303366859457981898847008090319141
64173080472518464043581360547414072753
243688378522847168131920495355871316261
48333863109031962358075510052047072429
48333863161523691653850276935894261805
340193404210632335760508365704335069440
323761080488068179625804908661123767756
125167043475540117639384807764768464304
19173382645396663654547037297566174131
10915576683251711809772889638242658495
10176095958978016320276792946411848571
41860632343924409698810233275298601028
95774195237504753240089025471640899717
322211170785173918210378150949379993701
157279285318261895580650053534308867389
283183133505367586358775690039013860214
190794317092206962835584735187567318640
209653608296474541911759919438816192027
237663774284168454686976416136
313808335204093620640795194169181077506
339481188449222268211779989921093470582
317207697002685533491973954269994136282
231069221753086019808096099770155924208
102254080423546152585211837773933596727
226538629218538993870903876562061192039
146671107178293204658296701815530307777
52852844410319154568081376427214623718
291905914747372462098703101813904840298
291980644636753341881608164303854831810
326473154306853311161142085278560251194
90626604034638296050943138761096851776
185577065379247161610355144932983704718
66413251703894044044202981650885040060
227594496022027531728369723500035226141
170475728726641871817109397262080482050
158699364379976233962764015340858928730
158699364360071154239001946051455482857
340193404210632335760508365704335069440
323761080488068179625804908661123767756
125167043475540117639384807764768464304
19173382645396663654547037297566174131
10915576683251711809772889638242658495
10176095958978016320276792946411848571
41860632343924409698810233275298601028
95774195237504753240089025471640899717
322211170785173918210378150949379993701
157279285318261895580650053534308867389
283183133505367586358775690039013860214
190794317092206962835584735187567318640
209653608296474541911759919438816192027
158435611769904117093432465800
147693650954673637369300127905654767617
64144093214863745291401044746024305459
248189845025033985557287407665453052919
140372176735234052750355022816375971869
3877213056722357441580792143190602406
50072228854350655909540438281695181148
61896522064122575046448911694636486524
186904418047191924580798193817055450662
350042178978533648286109188212161350
173862219571738058653901195688596957801
75531452257168565993506332123922736446
276707135946992047475542869971238573084
204831085878314391763920399892851972891
34939753904212224323660758611335383101
146037914210776319102263429972919658206
17067283863258912794651307528398168339
73912500681790890519749832010899065359
73912500713396418980778755125523707619
340193404210632335760508365704335069440
323761080488068179625804908661123767756
125167043475540117639384807764768464304
19173382645396663654547037297566174131
10915576683251711809772889638242658495
10176095958978016320276792946411848571
41860632343924409698810233275298601028
95774195237504753240089025471640899717
322211170785173918210378150949379993701
157279285318261895580650053534308867389
283183133505367586358775690039013860214
190794317092206962835584735187567318640
209653608296474541911759919438816192027
79207449264863151536743291272
3494808400953278447882777992150122496
52054092297104437225191428991475585883
262799916506991004192509419526835224805
247305865083963747571793463071678491712
312104363628426603225047587925957369993
73472449131645578457490358485671288109
204372618112863027123150138680266868587
287796506361628068875518019208415853576
61401475052675060665298535164303087432
252562060189646298944631712140271648371
112941595767102501344547813664615411446
43377461098993859422680326869072986775
339034325846638813577064938439457255923
309313213450601123376715012248943174355
127607121724654947013174501287943966424
34880402759385094876640434884460952792
296624990515392440448294065543554381985
296624990543603207809036400747794143836
340193404210632335760508365704335069440
323761080488068179625804908661123767756
125167043475540117639384807764768464304
19173382645396663654547037297566174131
10915576683251711809772889638242658495
10176095958978016320276792946411848571
41860632343924409698810233275298601028
95774195237504753240089025471640899717
322211170785173918210378150949379993701
157279285318261895580650053534308867389
283183133505367586358775690039013860214
190794317092206962835584735187567318640
209653608296474541911759919438816192027
79207449260251465518315903368
3494808381146237806803812852296581120
307265867434065871259837667397251175259
71785001280963480481966462274045034725
68917739146183711743201692887973710289
240093453496968447034769308764106986209
73161678350356364063581940075680780593
67526268404328407809247303280125177148
198266107731725081424631233286287201811
82782934332539123692312262168948550099
221185737685332431764045331202470013384
218024424290927729821869246869221593812
5616465358800343300247825047764728331
162679339617371568618946273657486946591
172590348489337473574742897893551826609
216794661640401704494804720714142691624
327768894293888438886510204651381264
6573325111458322347126700217557000257
6573325120034124772134579559428597432
340193404210632335760508365704335069440
323761080488068179625804908661123767756
125167043475540117639384807764768464304
19173382645396663654547037297566174131
10915576683251711809772889638242658495
10176095958978016320276792946411848571
41860632343924409698810233275298601028
95774195237504753240089025471640899717
322211170785173918210378150949379993701
157279285318261895580650053534308867389
283183133505367586358775690039013860214
190794317092206962835584735187567318640
209653608296474541911759919438816192027
79207449257945622509102209416
3494808371242717491665112871664091136
179659979835038925276921955252107809627
234485499208514387397831969013389410533
215027319878702601738230277779227165618
315019281101154249477547274420437172579
220424864648064555007507178841888948660
280741066400457760436786413731281389796
243290409701631949900938847272261960508
313418691215036876830032193713233987405
313640259094332406220088981054816927367
186773022402085397805210073374693583531
331234261347903713354027591747854609656
96567386767566464843193563759441438195
6758980901393130241349134764575437762
51053429323104890333226563256918063996
60655915183447970044425907163974109287
245439576037105126374565716202233128834
245439576077465820284340233926008947061
340193404210632335760508365704335069440
323761080488068179625804908661123767756
125167043475540117639384807764768464304
19173382645396663654547037297566174131
10915576683251711809772889638242658495
10176095958978016320276792946411848571
41860632343924409698810233275298601028
95774195237504753240089025471640899717
322211170785173918210378150949379993701
157279285318261895580650053534308867389
283183133505367586358775690039013860214
190794317092206962835584735187567318640
209653608296474541911759919438816192027
79207449256792701004495362440
3494808366290957348932431623867072512
243462923694600383104098332537115448155
107939632811472338176367617206842376421
228759604440594097307836636629302536903
338648760365447196671572575265368932170
39451295236547311036984783797211193594
2061951876965666178772486594600241927
4239919200049864424027718428675350035
239397334214463158936452302614962410535
238615880525116668172388891857920868316
120677160589345713397056106275834937144
157784009552258405858539753712848048994
31150225986207795201462346295983478857
13542914357462482612059883449864900791
72766514686184066418381665703560234298
242488756988402231631237519721092764202
84152147729976928694252878808256193221
84152147658425538567300169814070239460
340193404210632335760508365704335069440
323761080488068179625804908661123767756
125167043475540117639384807764768464304
19173382645396663654547037297566174131
10915576683251711809772889638242658495
10176095958978016320276792946411848571
41860632343924409698810233275298601028
95774195237504753240089025471640899717
322211170785173918210378150949379993701
157279285318261895580650053534308867389
283183133505367586358775690039013860214
190794317092206962835584735187567318640
209653608296474541911759919438816192027
79207449256216240252191938952
3494808363815077264501821723532853248
232829099703153194808623057719691121499
158718332609866406876757329282429698277
89651138972162154780027307111158909432
159788550437671975677789124327858384490
161479068603525659232397288357710145480
83607474572740596491185912550774258883
115728383071876601103556785585437161153
24441393095760681575289855281831377360
76632767376227269453169940983953178039
287215123961964411437300318162796343075
64689373613263513639396282212986101482
164043090979817130035125494991806969949
11222255989337797368607701875366137043
275285817306336852804880074745777837040
164064615836346841978981010568048680624
846403932768889768174172154484339221
846403953121736146827804697901520725
340193404210632335760508365704335069440
323761080488068179625804908661123767756
125167043475540117639384807764768464304
19173382645396663654547037297566174131
10915576683251711809772889638242658495
10176095958978016320276792946411848571
41860632343924409698810233275298601028
95774195237504753240089025471640899717
322211170785173918210378150949379993701
157279285318261895580650053534308867389
283183133505367586358775690039013860214
190794317092206962835584735187567318640
209653608296474541911759919438816192027
79207449255928009876040227208
3494808362577137227432126157932199936
216878363763250497697118177311974298459
170106585990139398168731235730605031653
167969465960203567543610880480417240630
166229667742874985327021176328703294991
283740214033315400086826453704171760482
292655159506093714545808552026506158241
277057989479645206717162432411430770016
265817573389628629115119541076945235334
337407230531893186645444402752698096185
250619379727169770711190690116645831892
138564149475096631193722323127535110508
291428323690571365460179932848989305862
50009476387537241122963408417990839731
126621875658761622339697849395448871309
307725753486326466869174564849212095607
51935570999316017240611289215973577479
51935570947200723715172941437384986714
340193404210632335760508365704335069440
323761080488068179625804908661123767756
125167043475540117639384807764768464304
19173382645396663654547037297566174131
10915576683251711809772889638242658495
10176095958978016320276792946411848571
41860632343924409698810233275298601028
95774195237504753240089025471640899717
322211170785173918210378150949379993701
157279285318261895580650053534308867389
283183133505367586358775690039013860214
190794317092206962835584735187567318640
209653608296474541911759919438816192027
79207449255783894687964371336
3494808361958167207278275066184335360
219536819752624909866847526362862916443
134216498563371424405638130087735410917
207269386570990060317131192723522005064
14765581912935738602936860728437416382
302876390236923229614874678342897614693
287243669091387173487148209395304488693
84247583966444744754913772135238934093
6173384310660831990285611125734211221
230233073291964198481917090640368563032
326882723607444408611306484825861736169
321045946919720831708277281813896581779
294446507257599675220180235294903579460
154857520005515714980697081012159796644
246838306236410754427653494939232270646
111403715349097866061909910406898603035
138504616119489496799251518667180970811
138504616129811248317554826283561151734
340193404210632335760508365704335069440
323761080488068179625804908661123767756
125167043475540117639384807764768464304
19173382645396663654547037297566174131
10915576683251711809772889638242658495
10176095958978016320276792946411848571
41860632343924409698810233275298601028
95774195237504753240089025471640899717
322211170785173918210378150949379993701
157279285318261895580650053534308867389
283183133505367586358775690039013860214
190794317092206962835584735187567318640
209653608296474541911759919438816192027
79207449255711837093926443400
3494808361648682193279142594844033024
220866047730466365461491045907810030427
231205896355017697572042147218854592741
132296185764679414074357827072531931851
43509158353519032387637495259967476109
149153512478350481780092733263863058208
320126142899550273579617564037385415661
331673754696152152205383697431180741997
178840372371260349048659570501305633445
93925904367699099285951901504037938976
6214791783029295923704861417965975711
54149399060470749689868732625847119076
121116512891283004293185185141315390335
280763906509517725891709370144579793183
101028954515005655478222274634872072535
312578746296210376560846086443938969608
190306875876175527508597194675892812300
190306875815505420097537337620200133727
340193404210632335760508365704335069440
323761080488068179625804908661123767756
125167043475540117639384807764768464304
19173382645396663654547037297566174131
10915576683251711809772889638242658495
10176095958978016320276792946411848571
41860632343924409698810233275298601028
95774195237504753240089025471640899717
322211170785173918210378150949379993701
157279285318261895580650053534308867389
283183133505367586358775690039013860214
190794317092206962835584735187567318640
209653608296474541911759919438816192027
79207449255675808296907479432
3494808361493939692706603560217870336
222859889742775880780923049012174590811
196402436000937182194781798368075661541
300137262705375520840323980918876388279
323921951274322940786795360902726833547
67983982556835776382631717820823574843
29845119654181736953574096728196726048
226715212619421449991106874526955468289
282591241589958536907981497514140353277
127966617733933703222284951825843558378
44219239643865617502162775962412218718
80668790327633037326716293496566993110
176267577259865329407060341327116910191
25387162440612284621433984538134701704
37785712463281576504546452525771482047
33532248686223481688876722427169424245
173107423448599138681421219719194219392
173107423503029236441430084739111598461
340193404210632335760508365704335069440
323761080488068179625804908661123767756
125167043475540117639384807764768464304
19173382645396663654547037297566174131
10915576683251711809772889638242658495
10176095958978016320276792946411848571
41860632343924409698810233275298601028
95774195237504753240089025471640899717
322211170785173918210378150949379993701
157279285318261895580650053534308867389
283183133505367586358775690039013860214
190794317092206962835584735187567318640
209653608296474541911759919438816192027
79207449255657793898397997448
3494808361416568432545301145954811904
222527582710732779239746662837285622619
206284578314544459298167700981455339749
75208967033409292546412993810753713906
320402060269519606114782290550946314333
280177692068821976278760689923248566580
91216703571229703975524844276489405116
152311580082139515086529862712699105973
139982881687893593006900733963048199343
324887497532761826282183027264217659628
270335219380546418394182444654409748054
80079788835533795335044913067727039325
102095989392415136522971538701263228523
284330680768781831838330173882241054953
91139956116581372562346195801696901347
5391152561222887077362531044930153156
202105098711833026817785109797416094807
202105098670661910643327528521736463428
340193404210632335760508365704335069440
323761080488068179625804908661123767756
125167043475540117639384807764768464304
19173382645396663654547037297566174131
10915576683251711809772889638242658495
10176095958978016320276792946411848571
41860632343924409698810233275298601028
95774195237504753240089025471640899717
322211170785173918210378150949379993701
157279285318261895580650053534308867389
283183133505367586358775690039013860214
190794317092206962835584735187567318640
209653608296474541911759919438816192027
79207449255648786699143256456
3494808361377882813981295763100008448
222029122245228616668827065937670771547
67097662138682012859514313241535267045
235907604264203181929321474640351758887
78840010449353847987254402038359533283
140625603876059278097996672661627865248
187856823354193291356685150597570855314
90402852085219996438881631799078021243
74105190975971787373994041057399207099
312470233746843263718414677046076646400
152303556828168438408763120826461688823
216446205527921725033491776574275754267
118981917298438947428416128435447268825
210851136247961827259408283278780863855
135641034690873528853902336769593996195
243535911993491852127658975341803438934
170799474393398432373308943921868918655
170799474416693346570077603289134778610
340193404210632335760508365704335069440
323761080488068179625804908661123767756
125167043475540117639384807764768464304
19173382645396663654547037297566174131
10915576683251711809772889638242658495
10176095958978016320276792946411848571
41860632343924409698810233275298601028
95774195237504753240089025471640899717
322211170785173918210378150949379993701
157279285318261895580650053534308867389
283183133505367586358775690039013860214
190794317092206962835584735187567318640
209653608296474541911759919438816192027
79207449255644283099515885960
3494808361358540002478017803160911872
222278352501355574197634969029067215707
318633165319111960979176726584924651749
139109710504124302100839194835442631667
18985290084254411236708579423747018306
246134667361115448571618050784096710417
67757653700692381199467378093960450056
180615852190255206613536257804022163008
142409020863113534877912572091932170506
132604661937969189392711925429247867601
282864813353865727118685209534058904218
328957745342178812952648358346250635275
162512215750157829331312830911321142540
203142095106286259782281129649477170906
294303888230131105489613530149973900944
35118703433999392152819571784684199418
304739408364923809891500018781003685314
304739408352498590571825476638232237313
340193404210632335760508365704335069440
323761080488068179625804908661123767756
125167043475540117639384807764768464304
19173382645396663654547037297566174131
10915576683251711809772889638242658495
10176095958978016320276792946411848571
41860632343924409698810233275298601028
95774195237504753240089025471640899717
322211170785173918210378150949379993701
157279285318261895580650053534308867389
283183133505367586358775690039013860214
190794317092206962835584735187567318640
209653608296474541911759919438816192027
79207449255642031299702200712
3494808361348868580468854147327721472
222153737310383844436107791884710122331
127245353847651575810649285529377521893
287841514708530553696950271194798133328
274321046059476575478411276498783453789
247430953396161292294181163577078992843
247287580179917333886578510945864480734
337754586582954504489078676979498736389
311719415836747764513989840024389626574
110493373231906464525151895704916130248
84244463721330612503724548722937315302
205730512740727105441782140911017321662
120777920272907286800868686886326387048
293062105900094541117375764701835492152
186979961496015321151025108901906986338
305557115264140917230820069436163819482
302779935652836813335185103737963161832
302779935641953666040848025306302415254
340193404210632335760508365704335069440
323761080488068179625804908661123767756
125167043475540117639384807764768464304
19173382645396663654547037297566174131
10915576683251711809772889638242658495
10176095958978016320276792946411848571
41860632343924409698810233275298601028
95774195237504753240089025471640899717
322211170785173918210378150949379993701
157279285318261895580650053534308867389
283183133505367586358775690039013860214
190794317092206962835584735187567318640
209653608296474541911759919438816192027
79207449255640905399795358088
3494808361344032882838193568063946752
222216044896943369812382371399740756827
148391661115127893395793634572993642725
149757179737054020775328873740482326977
245438004670232301832300902928708415237
282442305261757944262012059879964255208
40124189891882290048815798783429077193
170890556708155980856767906596218970956
10498875791858749137362534132320588532
58251045842061272816581470145569227402
212320706793749535336188336115574554188
307509375154434015680120268780994263823
232086865772431976765215782489854322368
299628424819225133952458092590996803056
41724598575214003712312801310831957478
161328680520614384356096840740785872265
249302867757392533071934363272851932687
249302867693638313799767987408345987647
340193404210632335760508365704335069440
323761080488068179625804908661123767756
125167043475540117639384807764768464304
19173382645396663654547037297566174131
10915576683251711809772889638242658495
10176095958978016320276792946411848571
41860632343924409698810233275298601028
95774195237504753240089025471640899717
322211170785173918210378150949379993701
157279285318261895580650053534308867389
283183133505367586358775690039013860214
190794317092206962835584735187567318640
209653608296474541911759919438816192027
79207449255640342449841936776
3494808361341615030576822405509939200
222205660300554221023928086544378827611
57666291274542796857418700951913185509
61974633228991365578854740976419872683
311197058151257056066491798869589877076
105544585410236651827213774776466038671
236281597429200867681311875512194770387
219690880085612781047714141211187097133
95572477970219121022832687939825626280
309627404587445251077076460531760928503
199388266174180399474512533585486942634
208096705796947354778056896083864373378
333606678904915308636845352517249136571
121774384350839299814917643534882983723
246420345151521758604004347157539513521
112523959295435846724901623105335776520
140434507453953517213532232045939872646
140434507456412250914359271052104786040
340193404210632335760508365704335069440
323761080488068179625804908661123767756
125167043475540117639384807764768464304
19173382645396663654547037297566174131
10915576683251711809772889638242658495
10176095958978016320276792946411848571
41860632343924409698810233275298601028
95774195237504753240089025471640899717
322211170785173918210378150949379993701
157279285318261895580650053534308867389
283183133505367586358775690039013860214
190794317092206962835584735187567318640
209653608296474541911759919438816192027
79207449255640060974865226120
3494808361340406103398349586386911232
222190083404142365046530880829938275163
278204552448107343208760437519279472869
109014341393115601371285754185146711921
164922915889913940182164104478120437248
173971775323099688488387160327981301643
180404328577367905681031834978337537730
196934222306701641811172878168020786207
262219712021061028747129477812374218446
150076381700494271896476231204746931702
267191319362751868471626370417659717861
86275857175714990731099994032682773792
311513802963267611879566837676308439084
318152126767237496103506606307208290377
204911820668048713421723964850170355435
203293048039544285299846741467052152005
50555651247838181075993385844352274718
50555651214701737143549290406785418555
340193404210632335760508365704335069440
323761080488068179625804908661123767756
125167043475540117639384807764768464304
19173382645396663654547037297566174131
10915576683251711809772889638242658495
10176095958978016320276792946411848571
41860632343924409698810233275298601028
95774195237504753240089025471640899717
322211170785173918210378150949379993701
157279285318261895580650053534308867389
283183133505367586358775690039013860214
190794317092206962835584735187567318640
209653608296474541911759919438816192027
79207449255639920237376870792
3494808361339801648755982591475056640
222197871884938553086621686195648795483
58383063132027484036498773387537662181
248036966035466569277187600400257919808
111802482085637626107147718838435065496
188514210890008316663797916769034461171
48403100219412761768314923245779452976
227114265370296923266515494794598947095
227760843014166153244068374007751941583
35077955022517484168405371108397229196
325561989995569865119931607385708414133
193940433620391574518474082162578355554
107132759877519227335792830111566762400
316860464832240100282117258212212802782
297652479954757395830115468066829703953
302616291802188601056604711504485140556
18131714752305317193577167374082754334
18131714706635623351802460854867430945
340193404210632335760508365704335069440
323761080488068179625804908661123767756
125167043475540117639384807764768464304
19173382645396663654547037297566174131
10915576683251711809772889638242658495
10176095958978016320276792946411848571
41860632343924409698810233275298601028
95774195237504753240089025471640899717
322211170785173918210378150949379993701
157279285318261895580650053534308867389
283183133505367586358775690039013860214
190794317092206962835584735187567318640
209653608296474541911759919438816192027
79207449255639849868632693128
3494808361339499416310877625702678528
222193977658041769737701580923595723611
145457866589867865148351841543805010149
111990886520621491771324996713567890052
75580396113972439180336235144712071425
259238002113698949607739949567887294779
131330616433959075900574815988262333520
286218562866814880590010251129532537679
193687659958058998303966654873614921897
157781923688401391084146206137833153260
252780721052463183172803427815006646642
194197484800983761693060833876445481926
259381495897140499379114988704605213498
339390368308758564612050424622391430938
150772425695602292253164145764241519890
206983367269349353419683645507203085955
56302370946406375839484244706723335143
56302370925031438020578664326692555014
340193404210632335760508365704335069440
323761080488068179625804908661123767756
125167043475540117639384807764768464304
19173382645396663654547037297566174131
10915576683251711809772889638242658495
10176095958978016320276792946411848571
41860632343924409698810233275298601028
95774195237504753240089025471640899717
322211170785173918210378150949379993701
157279285318261895580650053534308867389
283183133505367586358775690039013860214
190794317092206962835584735187567318640
209653608296474541911759919438816192027
79207449255639814684260604296
3494808361339348301878748110592671744
222195924774927087269881987636186387291
195718441177579923484277907167648506085
235549754400820316096611116505391562794
321211477951869677598867997657673317255
97078308542582101860337040448547132564
118675122613491270652844471635059186213
254949696906844791801310472572376710986
188386696644870288637428921504663176843
281076902144863841133034832204033291584
87789706899044522005864595714552983863
127462505866870576816045668024690912954
66256482940385575546059522469223752380
174043724640749331370718908571218118865
70959562885957300858277550150590110242
204398196756994840592424363128585867408
85669645579383442447346560293090470184
85669645536664818250327410125271953620
340193404210632335760508365704335069440
323761080488068179625804908661123767756
125167043475540117639384807764768464304
19173382645396663654547037297566174131
10915576683251711809772889638242658495
10176095958978016320276792946411848571
41860632343924409698810233275298601028
95774195237504753240089025471640899717
322211170785173918210378150949379993701
157279285318261895580650053534308867389
283183133505367586358775690039013860214
190794317092206962835584735187567318640
209653608296474541911759919438816192027
79207449255639797092074559880
3494808361339272738769922935127801856
222195600233845899051022154005175407451
118256592422205144888010231825113370853
73528065063114438995820558380170699816
241963321621826854841165543811312582015
235612043611102998692474409274453815502
63270060313924512636388305939445398176
59811519317024245086045415073390354128
219376801195125203212407955778277689236
312319560519316222121373167831464177503
237547911890016491731703523655674138419
69103874126027162722886200170296774732
247676006380812586131638386541668920331
89122443097632591342139201097072683497
60083401760969831661820351024181566386
328752706078184546139792185816568276075
122086273030406645836168255986549880788
122086273022055033978352077939391887832
340193404210632335760508365704335069440
323761080488068179625804908661123767756
125167043475540117639384807764768464304
19173382645396663654547037297566174131
10915576683251711809772889638242658495
10176095958978016320276792946411848571
41860632343924409698810233275298601028
95774195237504753240089025471640899717
322211170785173918210378150949379993701
157279285318261895580650053534308867389
283183133505367586358775690039013860214
190794317092206962835584735187567318640
209653608296474541911759919438816192027
79207449255639788295981537672
3494808361339234971055877620058030080
222195438022749229738257813597382054747
258060508190794505618610858517710063845
159136395514795687431615349911481263457
119326439334179412423819777816126852624
315410753862350645757353708135723134895
97964320634104794331136831739765843660
256366606201976376800230850561160986090
153544596651450882684175058204872305040
221480246706171388401391908103443946776
58375778893757066193589325533108210494
335613735966779773907468001011693175836
156530419923781708902320254705024686776
198507434834839134509374706051472075148
9568563376626657877726695055869551659
317774194805972989613299311446815069849
287895036305384426968751169467537495407
287895036323251056451324897574998819637
340193404210632335760508365704335069440
323761080488068179625804908661123767756
125167043475540117639384807764768464304
19173382645396663654547037297566174131
10915576683251711809772889638242658495
10176095958978016320276792946411848571
41860632343924409698810233275298601028
95774195237504753240089025471640899717
322211170785173918210378150949379993701
157279285318261895580650053534308867389
283183133505367586358775690039013860214
190794317092206962835584735187567318640
209653608296474541911759919438816192027
79207449255639783897935026568
3494808361339216067199647895422763008
222195356831304954776031019940446278491
129241843698592439256402106073328731365
308226005943243264620769728777613415133
336037747698275867285902979977307106144
242292213142183258932446000460076057629
298823412987613587111160359706463553641
82212642843637362182815375450614746049
144512598440895438701731467835108594749
212281988749691158475042402447224479027
253178116552066364623678207131510900252
331934282941427291004333734383167493347
120381502512823433785117276680681437102
82494502385306079911913272504809988688
261949401254396286901823664127273327869
236104230510704705192822331840415243932
128064150027838744737778987902749902160
128064150064988818628207861165254333848
340193404210632335760508365704335069440
323761080488068179625804908661123767756
125167043475540117639384807764768464304
19173382645396663654547037297566174131
10915576683251711809772889638242658495
10176095958978016320276792946411848571
41860632343924409698810233275298601028
95774195237504753240089025471640899717
322211170785173918210378150949379993701
157279285318261895580650053534308867389
283183133505367586358775690039013860214
190794317092206962835584735187567318640
209653608296474541911759919438816192027
79207449255639781698911771016
3494808361339206628741130686935597056
222195316293434298721048008633094312795
236658953092269290986505572170815062757
280273700669487294924840571151714016063
300948649232030062753773064053558263891
207760485366189380278684902160413006333
48543395282072965952089120998058440392
49481073977565135459755171303351721515
84934590221313091529319934624215446860
335072855768056016073592771344305868443
16493993063408702547062800676369510213
27161156226266117781024610770464841892
130252355291662994823353914529617480804
145877625295696718069808916758567694574
73222464607521732945909146158245020216
80165093741219578715368332334590206523
40588886410058583276393000679802616902
40588886362165775294868472460177172423
340193404210632335760508365704335069440
323761080488068179625804908661123767756
125167043475540117639384807764768464304
19173382645396663654547037297566174131
10915576683251711809772889638242658495
10176095958978016320276792946411848571
41860632343924409698810233275298601028
95774195237504753240089025471640899717
322211170785173918210378150949379993701
157279285318261895580650053534308867389
283183133505367586358775690039013860214
190794317092206962835584735187567318640
209653608296474541911759919438816192027
79207449255639780599400143240
3494808361339201902821758386508398592
222195295995765151159789778111949771611
218755476351307721244619946200694079973
234339986437415974327776289046171665841
173417852027801146331390168496052387165
281907312814668904080760414365910765627
213473821950153405729015154124441083807
306075762273743393205281047123391516678
262331222904943548591003968073457994798
100072535805694770228381086226193262559
221613012891562907814018136536112514290
284652607495594860796755731323054267679
49441942632767960370438244656453392665
192235982916224525694781990688370338809
209150671597043429458860622777367350711
175272670064497662852318085659150054465
263256818035887694865395389266172594642
263256818045670805920858443812457889920
340193404210632335760508365704335069440
323761080488068179625804908661123767756
125167043475540117639384807764768464304
19173382645396663654547037297566174131
10915576683251711809772889638242658495
10176095958978016320276792946411848571
41860632343924409698810233275298601028
95774195237504753240089025471640899717
322211170785173918210378150949379993701
157279285318261895580650053534308867389
283183133505367586358775690039013860214
190794317092206962835584735187567318640
209653608296474541911759919438816192027
79207449255639780049644329352
3494808361339199550551278955148607488
222195265610430767004451580673605571419
208450087267118525234227390013323690085
217942213868485200894398339564660983496
5540835925794846559243702311465657537
113081834148023701438374408881724661837
229083959180849945854237360449830175968
18577873775390169698139167237307103030
144879939481803027356780700165908068325
105411544661384033980517170354017197187
159361079810722828418147790945885455976
272075906865745328757850289580454171610
6514588935884461537228022289689209314
215102049258798240014960898422618892808
34812150639740885081849815732833166804
120813818119055565320358188386551370634
273540766020111165521133457917218120990
273540766035554554498684930834002175949
340193404210632335760508365704335069440
323761080488068179625804908661123767756
125167043475540117639384807764768464304
19173382645396663654547037297566174131
10915576683251711809772889638242658495
10176095958978016320276792946411848571
41860632343924409698810233275298601028
95774195237504753240089025471640899717
322211170785173918210378150949379993701
157279285318261895580650053534308867389
283183133505367586358775690039013860214
190794317092206962835584735187567318640
209653608296474541911759919438816192027
79207449255639779774766422408
3494808361339198371285833861161811968
222195270686729048850916858882785612635
253308300179819081806446208880715841701
225383027655901129564708836062992099183
7817691762950107010464034628794528051
288525839445151112005219230740241293814
332831517906657104670606355188451118638
215884694641396901073211377301907113160
94037629539936887459523490838060065082
57665804561444556781646256717279722777
35066115295330180248131325466287146924
136958436575506880567160714831939599607
146897484630101646813151406511685712964
199880663110672670711796832203463421227
38118728677588034896528477879430782349
195240519278854452115822023038152304236
246331194891640022092588064524791313612
246331194930276360981274487626132534856
340193404210632335760508365704335069440
323761080488068179625804908661123767756
125167043475540117639384807764768464304
19173382645396663654547037297566174131
10915576683251711809772889638242658495
10176095958978016320276792946411848571
41860632343924409698810233275298601028
95774195237504753240089025471640899717
322211170785173918210378150949379993701
157279285318261895580650053534308867389
283183133505367586358775690039013860214
190794317092206962835584735187567318640
209653608296474541911759919438816192027
79207449255639779637327468936
3494808361339197773071173689280561152
222195273188019048331428197816655221595
46127584048410488241564143599307276485
129990609749214995350228662501411903867
248607579418110676725247240001624426465
267428218850342139752994034567837389826
167475742214480364966282715519131897132
285509815262613746891783065139463235481
140262599391085157538726529160079683765
61111537566904505124346429353908082705
87767162846421989316182615328762210157
248415758533617586206899347848314705720
166250477629179292074226165627213783682
200767685776789170595412747396064652644
266377570061099539213027278606643655461
74618174379236742502363984278680138800
193073824467007855521591158574487367689
193073824470645600492124070111798770699
340193404210632335760508365704335069440
323761080488068179625804908661123767756
125167043475540117639384807764768464304
19173382645396663654547037297566174131
10915576683251711809772889638242658495
10176095958978016320276792946411848571
41860632343924409698810233275298601028
95774195237504753240089025471640899717
322211170785173918210378150949379993701
157279285318261895580650053534308867389
283183133505367586358775690039013860214
190794317092206962835584735187567318640
209653608296474541911759919438816192027
79207449255639779568607992200
3494808361339197482433842056085372928
222195277010343614890141032565866304347
139387128886494455179861987946098409717
127701262100560314941523989054137105418
92778505531548026773869067735410040403
192111032763072041958771983634284707197
317589309320067634780672681848733121843
40433378118421886828331696775901313504
7043612101961003241361750509707014004
251108205281270209526879432369419095267
259150011486023906829383428636123180642
160188771755653016878462965533289904650
234937183994686305581504385919742065719
188623251013068343182491047640088658298
86208298662878081137399444379217134664
208626399711555984720171895485867171144
26141103902578943524909036005349391272
26141103909386951779567542450704959104
340193404210632335760508365704335069440
323761080488068179625804908661123767756
125167043475540117639384807764768464304
19173382645396663654547037297566174131
10915576683251711809772889638242658495
10176095958978016320276792946411848571
41860632343924409698810233275298601028
95774195237504753240089025471640899717
322211170785173918210378150949379993701
157279285318261895580650053534308867389
283183133505367586358775690039013860214
190794317092206962835584735187567318640
209653608296474541911759919438816192027
79207449255639779534248253832
3494808361339197324373246481262444544
222195276331478526113894202278724834139
244790030589955498596403131222384525549
158682754734911030388195609841528002641
178135570781318910302564330404709478360
297191360855600205202329870904341014969
110901467478411229499112355232193247583
201948249421374237146900180175932020864
296440945333175694174988595902135783789
129527140836648260226768233266162201351
35159628663786937305744166451739231513
282760354415878708879969441343025151879
195597381378712130408936434848029583826
271773444856015233688534931836938661749
173315702836955474750509306737295993179
308031827314300593695437398478986372067
302959603666469708503094767504378873250
302959603698890907013901075284740165290
340193404210632335760508365704335069440
323761080488068179625804908661123767756
125167043475540117639384807764768464304
19173382645396663654547037297566174131
10915576683251711809772889638242658495
10176095958978016320276792946411848571
41860632343924409698810233275298601028
95774195237504753240089025471640899717
322211170785173918210378150949379993701
157279285318261895580650053534308867389
283183133505367586358775690039013860214
190794317092206962835584735187567318640
209653608296474541911759919438816192027
79207449255639779517068384648
3494808361339197262195851642628210688
222195275430603348617229825200128856923
125323202373821866083149464266703716577
80538584140712832697360779651318308589
19035592237912118038610087998729431750
49247575585594868621291304673749376808
206427781728131514826656181116346350832
57912115159046834908214335922737285996
77003643485447840563334552337821824953
193849202987349331696815306597318155454
173722290018757212904571499529131917211
113787283156205900081695818996536947247
153459642399409483939407537176011514419
38536462695104070529020519884560482438
311083493947199957121863617065105873485
175865494212544806105653550010423869546
264340180547560522243683228385566160463
264340180495236494106063474257633887522
340193404210632335760508365704335069440
323761080488068179625804908661123767756
125167043475540117639384807764768464304
19173382645396663654547037297566174131
10915576683251711809772889638242658495
10176095958978016320276792946411848571
41860632343924409698810233275298601028
95774195237504753240089025471640899717
322211170785173918210378150949379993701
157279285318261895580650053534308867389
283183133505367586358775690039013860214
190794317092206962835584735187567318640
209653608296474541911759919438816192027
79207449255639779508478450056
3494808361339197216956190674036719616
222195275870125784377766029248180589403
293016340858078888982180987214758494439
250294787739553085654041676550413280510
203427459106107104866855562493026960845
289523568225270459002118110837937452056
206091348123920567271448995333558777345
204180530650210407312604542816261750775
35047159595279163133219639711722356067
159343170212404977325393163699709924960
296258437370592261503924706397512556759
101335920071525843886829889162754215089
337181686007028689167616798700636771994
272968947172389748593966490170549785760
91940233859064413403130002926986848300
60190009026292284081292416426852420481
171130021730862091479398908169688722576
171130021755228302422730330077175798271
340193404210632335760508365704335069440
323761080488068179625804908661123767756
125167043475540117639384807764768464304
19173382645396663654547037297566174131
10915576683251711809772889638242658495
10176095958978016320276792946411848571
41860632343924409698810233275298601028
95774195237504753240089025471640899717
322211170785173918210378150949379993701
157279285318261895580650053534308867389
283183133505367586358775690039013860214
190794317092206962835584735187567318640
209653608296474541911759919438816192027
79207449255639779504183482760
3494808361339197205228571907242065920
222195275661299720294010128180631901019
170669117290222604256439244885131346148
323716431383959125801569652774231452965
288785273601404812929805133303939433553
76078232043903994450429321230042662213
53728257104760197660089115279493964399
14117152476143047903239294242622517144
119607976523043145077122349340011978074
298807457086616916904688640007016786058
34900602849239094053136128865022523665
273638267672520097323424936169117424786
291517241639933977011434866138245025848
274866295181841044886428089842509295026
264719653333078891079058376565100991142
273484609582606938627343434184737105557
55345888509628021541023037463967250506
55345888539024202575170627938905727184
