340193404210632335760508365704335069440
323761080488068179625804908661123767756
125167043475540117639384807764768464304
19173382645396663654547037297566174131
10915576683251711809772889638242658495
10176095958978016320276792946411848571
41860632343924409698810233275298601028
95774195237504753240089025471640899717
322211170785173918210378150949379993701
157279285318261895580650053534308867389
283183133505367586358775690039013860214
190794317092206962835584735187567318640
209653608296474541911759919438816192027
170141183539676680987327083215772621192
129472559910759801061539673064614828424
226989461124888783302834143228707836684
302073664244521152083134222633250998704
28449346917327218638355786280307462343
284979201214650132796219092270821784720
26792322791206132968235809657177173610
315650627303747129131047484767347334732
78926109579595311615972530626966211645
177939624589556726383798233863681606699
145246877730516881799162004370257608149
252113435731612617317123967872840456763
240217484062979490084843600111135956310
337531346606633810647376080508332191190
161822561226047646185922037550863367481
135096871291186640153219059521867168142
286027854143140604509558560290073011014
82462725957990865410798315657508091391
82462725939141989473618596415260990733
340193404210632335760508365704335069440
323761080488068179625804908661123767756
125167043475540117639384807764768464304
19173382645396663654547037297566174131
10915576683251711809772889638242658495
10176095958978016320276792946411848571
41860632343924409698810233275298601028
95774195237504753240089025471640899717
322211170785173918210378150949379993701
157279285318261895580650053534308867389
283183133505367586358775690039013860214
190794317092206962835584735187567318640
209653608296474541911759919438816192027
85070591809442065121483431357830568328
111724409974140176921603823463800936840
280063099294687677594899299390895114162
266600796635135594453188237215496203564
245784489492191032046761219716684392280
66662269394877950726451049898950444901
76138277351542303231412702631164165794
295468305572729691444344073779075968810
249487009930375781387945152657216206187
213459084952064364181310312426969492175
178947020229871491264057300669059868783
132526581008696138652177019786901925001
101536896299822010966441485193719440814
53047671883697998945905322699568829174
73613557868016855349262040676661103911
157622367981363034230156354301910296914
237974703501228801297359555652769457146
249254118543642925164325921650670846656
249254118534682642860399912531694623584
340193404210632335760508365704335069440
323761080488068179625804908661123767756
125167043475540117639384807764768464304
19173382645396663654547037297566174131
10915576683251711809772889638242658495
10176095958978016320276792946411848571
41860632343924409698810233275298601028
95774195237504753240089025471640899717
322211170785173918210378150949379993701
157279285318261895580650053534308867389
283183133505367586358775690039013860214
190794317092206962835584735187567318640
209653608296474541911759919438816192027
42535295944324757188561605428859541896
192200029256114783193749959334416783752
136905369582679130659541028070858846224
151358300976357133409057481430601424400
311290922758001717256867619570496100641
103459069955476195203124176296013916921
158918180825036461623887391108390939897
275911056521345570919375934934661225203
264984715014104563863122150252826909720
249966478260463306595385069635223202474
155999349522276958361926077809748335589
316609227537914182708428335216267017229
169430067823258571016513663991348129113
324074095407935275428980099644800209602
19772445359829695002072503605332309892
174594366141278967720897112376744006942
311152348433035048406710951529941037983
227984774747091001179144756208950690611
227984774764339900484638476345961068318
340193404210632335760508365704335069440
323761080488068179625804908661123767756
125167043475540117639384807764768464304
19173382645396663654547037297566174131
10915576683251711809772889638242658495
10176095958978016320276792946411848571
41860632343924409698810233275298601028
95774195237504753240089025471640899717
322211170785173918210378150949379993701
157279285318261895580650053534308867389
283183133505367586358775690039013860214
190794317092206962835584735187567318640
209653608296474541911759919438816192027
21267648011766103222100692464374028680
181647338731201863576903496347696142728
268481403932385107152780179996668465216
144970335546641188445936881755057651449
49613300590921723067238072762984960038
4547069143817197736205307268174558491
214622081753994915227449461306374597329
109389636523217196351453919790428088407
297158669152753439291254986296494258239
163758190642893564289285466418781107203
52527608057526909324647363496096349992
204980142748017381250263813594374909643
337677270747305542948790001545965201419
63463010358931787013287198179222151007
285211762177161401272960477366159447804
119639994167648222706089154261534315586
100407988253876401734678406144629114469
320816929794402181003497267191641399304
320816929768669111205232298848223666410
340193404210632335760508365704335069440
323761080488068179625804908661123767756
125167043475540117639384807764768464304
19173382645396663654547037297566174131
10915576683251711809772889638242658495
10176095958978016320276792946411848571
41860632343924409698810233275298601028
95774195237504753240089025471640899717
322211170785173918210378150949379993701
157279285318261895580650053534308867389
283183133505367586358775690039013860214
190794317092206962835584735187567318640
209653608296474541911759919438816192027
10633824045486776238870235982131272072
335301907629556037077254495975248664968
109156377120735354809392747008296672613
129776804773183508570924220979696639275
300017817772659605348312406120393363263
237356709759714969828010840253263760892
181504280923964693091075747493287504974
324071727400366479795237424871531261497
302516124475842688590170133642208846983
211070724159828423162838608585504384500
223504454835918037060924999438803971880
116847508981745423746127573633223866789
42017702977568026495095739445532317631
161356627497076485490984678674268604731
100294832069410535359740066746423719667
219878227632172885725220446404953688268
59678957407073312371716605242713658591
57973161831622051236993944046006550469
57973161844859447733902258031392735134
340193404210632335760508365704335069440
323761080488068179625804908661123767756
125167043475540117639384807764768464304
19173382645396663654547037297566174131
10915576683251711809772889638242658495
10176095958978016320276792946411848571
41860632343924409698810233275298601028
95774195237504753240089025471640899717
322211170785173918210378150949379993701
157279285318261895580650053534308867389
283183133505367586358775690039013860214
190794317092206962835584735187567318640
209653608296474541911759919438816192027
5316912062347112747255007741009893768
105316552021560073151499550520874015112
190087259171625327161427698500056460264
3856348098192554328660148691009512633
156388792590653166047828795496920572384
56188868129993357824706493366024403791
267148476861516343832466424635073201174
28960203864104363748496093157998735640
301619833476550400197480987980966386958
29460605284432914791437043382209430629
255831371627954605381384357958837335804
30950695958007326325437912215084173754
229739936860051070891767106209267496548
66685989501857883940365240244941673696
182931747500508932120541389924917137440
16556254579898927461310195813458215602
199110597432982747053200305647680408347
28602040286056512423286441927468863074
28602040323539327484278523290521598330
340193404210632335760508365704335069440
323761080488068179625804908661123767756
125167043475540117639384807764768464304
19173382645396663654547037297566174131
10915576683251711809772889638242658495
10176095958978016320276792946411848571
41860632343924409698810233275298601028
95774195237504753240089025471640899717
322211170785173918210378150949379993701
157279285318261895580650053534308867389
283183133505367586358775690039013860214
190794317092206962835584735187567318640
209653608296474541911759919438816192027
2658456070777281001447393620449204616
39375440485647115354976834480398571912
317953877221660355697613240606421515801
265072576947565291214156958439625813434
9610832018324678979372476090354059860
177772122646088609879308254291503899410
13534653118403336405052952437319514969
150484469044734156350813171955074625575
307529925798307790772654273055849190499
309687244518088190788429785893011096178
157518077878354851302971255558189451520
213756150767089991523470071462573784340
64049186676436652117423268593287150253
272981610778188752110350294701683635518
158350079151513256263971469530939279753
318908902779943608377086070160050077792
50629018278027813750618642608666037151
88576212153945213966764100637764799315
88576212196104123642451101954253376329
340193404210632335760508365704335069440
323761080488068179625804908661123767756
125167043475540117639384807764768464304
19173382645396663654547037297566174131
10915576683251711809772889638242658495
10176095958978016320276792946411848571
41860632343924409698810233275298601028
95774195237504753240089025471640899717
322211170785173918210378150949379993701
157279285318261895580650053534308867389
283183133505367586358775690039013860214
190794317092206962835584735187567318640
209653608296474541911759919438816192027
1329228074992365128543586560168860040
274007986952306452842429487209389922696
189689287554674625852786579166745466313
57938596111630059942760018301748383293
326107647814094049413428468948858356754
184530375094915270181570079967518954988
99452142719158841868830151518354231531
132281805459870470028136604116226872569
74100055890988967235308205443635141064
80185096899707171483097093957699878746
90364916788625882383691439661454002050
102933374953676541176945013549052558252
187543851459285011711220716440053508721
210042820248839575996852485735579465806
209289950555897644156312492857006413717
34568265793402878124822597936590166769
124905890976643070898200485066137128531
38390783847516168049639577007706079203
38390783787056215834522242675820504813
340193404210632335760508365704335069440
323761080488068179625804908661123767756
125167043475540117639384807764768464304
19173382645396663654547037297566174131
10915576683251711809772889638242658495
10176095958978016320276792946411848571
41860632343924409698810233275298601028
95774195237504753240089025471640899717
322211170785173918210378150949379993701
157279285318261895580650053534308867389
283183133505367586358775690039013860214
190794317092206962835584735187567318640
209653608296474541911759919438816192027
664614077099907192091683030028687752
258873942270303612986081449725685045640
68703554527049527972675617340185075654
18375506891709469312446412978292592399
29256824388584575278742459021062875956
57752749070531999636490848178864140615
70860207187009195320471644344905946974
187810550260328120923252211528459481150
317810469233506993355767436317123455567
7302673891217557668270560330816587887
194434731861951977336070798055208411294
3207320191940206978569980473583868325
197093609920448248601672507164892061788
242841979713372875037343836605667623088
179110059259178628497838811532462635263
310681443278813784242643214407304317563
80363826597408367156291870903553049741
24950220418248064029690616296519336591
24950220397777366494451417772893661299
340193404210632335760508365704335069440
323761080488068179625804908661123767756
125167043475540117639384807764768464304
19173382645396663654547037297566174131
10915576683251711809772889638242658495
10176095958978016320276792946411848571
41860632343924409698810233275298601028
95774195237504753240089025471640899717
322211170785173918210378150949379993701
157279285318261895580650053534308867389
283183133505367586358775690039013860214
190794317092206962835584735187567318640
209653608296474541911759919438816192027
332307078153678223865731264958601608
224582093008967615502665434087996168584
131927079558407058091767840016503857426
120155926727178982307113688298043664122
221362852744379589315602407639256098262
161208519739865002638823362250452137678
18641113871059240354657725615526228140
168489367871169521978949583703997216787
27376976586711904075511341800931953264
129821010442153836687431702582630941856
85266176661043473131908086255051115773
321902876948202034628555535097776535256
79303051186634925254430728285667879018
8662089112370476193710333181745672131
87634086513414904039353507190887829751
159674402394085986444715778410157403073
258383736382871365075334747597725662877
162817460073429639691500458571332773314
162817460117396623903236417178483473727
340193404210632335760508365704335069440
323761080488068179625804908661123767756
125167043475540117639384807764768464304
19173382645396663654547037297566174131
10915576683251711809772889638242658495
10176095958978016320276792946411848571
41860632343924409698810233275298601028
95774195237504753240089025471640899717
322211170785173918210378150949379993701
157279285318261895580650053534308867389
283183133505367586358775690039013860214
190794317092206962835584735187567318640
209653608296474541911759919438816192027
166153578680563739752755382423558536
78078417047080572721392751857202010504
314815665550102848138247361054449289771
281372544141295488375859001169467250530
84966766296446984595991454492465312826
327192712980681438908759997785164912778
185765726918304765178651805793722373947
131316563720267354724830697235554496699
167312133298905763656818068584777184049
1651826851419075211608167074290318470
5327739396655982674095716047525785690
231955971798229226250327489632923338777
340142756274937467395889117392838020378
204011931227936332633670930149374133537
338316951080277686486912889534327379403
312187285141570931889500009550960108616
118131785277980803183141547386200604865
110199508046307879889454083810585959089
110199508059160831611598240287326536020
340193404210632335760508365704335069440
323761080488068179625804908661123767756
125167043475540117639384807764768464304
19173382645396663654547037297566174131
10915576683251711809772889638242658495
10176095958978016320276792946411848571
41860632343924409698810233275298601028
95774195237504753240089025471640899717
322211170785173918210378150949379993701
157279285318261895580650053534308867389
283183133505367586358775690039013860214
190794317092206962835584735187567318640
209653608296474541911759919438816192027
83076828944006497696267441156037000
160320556086565000422827826082108578184
31013265683707746171144495678736993455
154575869783993301017897751586333666753
110765165796379504316249586541548826509
93682590855861173573249021683980698055
77114387155472913401674861666647969110
85501389863382020038767294889298062616
10066388619636000967207834798766990008
160960780537157195905292746272317910735
18223204658621810219200346239213632048
221880723540624994444474302372410782871
173996367734971763727584145678543812866
128824261413387287175547550254960009930
18835465959116388971490891554965993335
113491549736720015598868466575748712935
239547127249342734792430638647451580462
211049555184060237291604033755541870906
211049555182921748796261618238618662360
340193404210632335760508365704335069440
323761080488068179625804908661123767756
125167043475540117639384807764768464304
19173382645396663654547037297566174131
10915576683251711809772889638242658495
10176095958978016320276792946411848571
41860632343924409698810233275298601028
95774195237504753240089025471640899717
322211170785173918210378150949379993701
157279285318261895580650053534308867389
283183133505367586358775690039013860214
190794317092206962835584735187567318640
209653608296474541911759919438816192027
41538454075727876668023470522276232
262253985706798885239090510392344091016
213469114027688113089648366127735002824
122993488834302873196199232242621774372
289533901205469842823137567136001686123
299966280805843217954688535536682445566
117780111851434546097627878158009726588
267432280368780484733471864788484440598
287786240016198358201463366360510218280
306360927149445477947968591570148197524
91412444883353343335235346664089249509
95503773835008354207638505461302147148
206035649981039546499006183976734756563
10645169987748835043927832300509437021
328594934666116014248310885348873879142
297517969951494017741282904195626420437
124780277165120754444778839557134464309
159255472770853065637826676965865672358
159255472766132992693987948280280702806
340193404210632335760508365704335069440
323761080488068179625804908661123767756
125167043475540117639384807764768464304
19173382645396663654547037297566174131
10915576683251711809772889638242658495
10176095958978016320276792946411848571
41860632343924409698810233275298601028
95774195237504753240089025471640899717
322211170785173918210378150949379993701
157279285318261895580650053534308867389
283183133505367586358775690039013860214
190794317092206962835584735187567318640
209653608296474541911759919438816192027
20769266641588566153901485205395848
147002513982480053444720488354237290888
328373274285959276992749335963984311939
260000241906590154886065002862933752234
85463705971434918439422732341543202023
233046155167110131556525914129325698959
177703488479822381548074240132810612622
192229706506018924341716062555049209760
148895441024881079918648904733997681920
211670197320961733040312522438765093262
280216546666462054301230459386437837687
208807919503194218458397465003193099174
108894092763201728178971837813130044418
312988131437130764436863194211631408321
37248261597583105579875633167569601355
206417508720312798343087017810939550937
225664453428227470824815450374324143528
113832891853228630710329446352824919184
113832891866083709286725069320651637784
340193404210632335760508365704335069440
323761080488068179625804908661123767756
125167043475540117639384807764768464304
19173382645396663654547037297566174131
10915576683251711809772889638242658495
10176095958978016320276792946411848571
41860632343924409698810233275298601028
95774195237504753240089025471640899717
322211170785173918210378150949379993701
157279285318261895580650053534308867389
283183133505367586358775690039013860214
190794317092206962835584735187567318640
209653608296474541911759919438816192027
10384672924518910896840492546955656
152329084829368155930260420725431638408
88689623548409944867054290322897736379
305031799770451575104026081929792576967
117426218448669516606088464907521272223
36503449146379010153292395503297621511
138983033386620337230382490763761311742
3482838411045597994366813319186216276
15002584904476720606403080835927937140
214004845090819906672576283389567696131
73820840203818803729449684236307907709
96075917840744678459880104909844495777
133156017887355209399742989258329282876
337921482615069475744373896681793942276
166677526267309848429778963830528499306
289027426071227077671343568668372644168
73009792974592347412814465838983085323
302997709848376419687003811218312735926
302997709830376224819970446173598190430
340193404210632335760508365704335069440
323761080488068179625804908661123767756
125167043475540117639384807764768464304
19173382645396663654547037297566174131
10915576683251711809772889638242658495
10176095958978016320276792946411848571
41860632343924409698810233275298601028
95774195237504753240089025471640899717
322211170785173918210378150949379993701
157279285318261895580650053534308867389
283183133505367586358775690039013860214
190794317092206962835584735187567318640
209653608296474541911759919438816192027
5192376065984083268309996217735560
221918160449892147748786003835408325000
187501296473387072198644202632046048014
16091906353953990930755326699714490987
23030792186042525164360865057955734905
142600801711193165540234170602551314481
79730266063272154256480594274961193816
266065498207132450001129770382435655761
956150086203979982381428268124081304
69042816619635768179022822075331165278
66474213104646365730271827455772932269
176239183710816393548613405362384317042
232725717277383082507891544419246029787
40832198739585515225841696753902931511
35170829411587388875694543588428214228
163687715680104121613521895178987338249
110380843230318613513266942075902053949
195314284394900794947349006025457570750
195314284446530227649623357766989492616
340193404210632335760508365704335069440
323761080488068179625804908661123767756
125167043475540117639384807764768464304
19173382645396663654547037297566174131
10915576683251711809772889638242658495
10176095958978016320276792946411848571
41860632343924409698810233275298601028
95774195237504753240089025471640899717
322211170785173918210378150949379993701
157279285318261895580650053534308867389
283183133505367586358775690039013860214
190794317092206962835584735187567318640
209653608296474541911759919438816192027
2596227636716669454044748053125512
70469037785449858050186641445390784904
232451262719420682910747804051687196366
74571850038796392341753180028855558612
171078606988511436167355680521302331734
42148150157713199122615477662056846084
306648197379254049612044671310313775422
282682082147726924336164406041903928997
106251374259180345461873455321733448695
35836550796023010110117814771122560188
334558270333573078902448718060723883870
322263121335468657277500710411428645363
207251328133642688894299155005001157597
76269652065058976302930445817255935725
48756183027619872672739126414422511916
78624906441968092978230619344541369510
52509894938486005421806726436486172265
98341992103443011462753114464658196916
98341992068100594972149459702360001155
340193404210632335760508365704335069440
323761080488068179625804908661123767756
125167043475540117639384807764768464304
19173382645396663654547037297566174131
10915576683251711809772889638242658495
10176095958978016320276792946411848571
41860632343924409698810233275298601028
95774195237504753240089025471640899717
322211170785173918210378150949379993701
157279285318261895580650053534308867389
283183133505367586358775690039013860214
190794317092206962835584735187567318640
209653608296474541911759919438816192027
1298153422082962546912123970820488
147518517022186980278160703316237670792
78760288321934879918743825424729053549
275644128687921953875042561111819711433
52537616233725261106322425004479313290
174332157498937447397556604132593039856
202750163219108492648155500162752788473
303067093470524741718486665874465267480
175056359741939575848996821468992424991
114143657349577970833285825373117364590
291267636525263452590200673449293993421
36072207082214327950157574262454404858
247607370029339907030589619269691315290
2666481602374130065508931619013912680
129025954544966596709409988564125719217
273175037516339524586868006214826959736
71277347919108979177625517169163226226
178814969428360393125279529649357948051
178814969460870167791379682280524962274
340193404210632335760508365704335069440
323761080488068179625804908661123767756
125167043475540117639384807764768464304
19173382645396663654547037297566174131
10915576683251711809772889638242658495
10176095958978016320276792946411848571
41860632343924409698810233275298601028
95774195237504753240089025471640899717
322211170785173918210378150949379993701
157279285318261895580650053534308867389
283183133505367586358775690039013860214
190794317092206962835584735187567318640
209653608296474541911759919438816192027
649116314766109093345811929667976
158678091627463689064814183659778783624
97030175991120538373403550704176617711
4827308401782403314542007197799385291
111042321400457827511301318812182766058
81488373296003709523804237384911118506
59203336064384895624088882820143646718
14130606763747563258643149640505292824
277919096374922807731489442210632901111
39046300948662152045716487102944763095
208611185034677682099111919677408942660
61369803965417442502563776825823055944
337651805139771563068204804098940023221
105733108472381175951596862087021708994
118072844139721382943529537990981936570
273088971789688723113367438358684032359
307305431699404542025871974816365760659
96951191719019952162191947787005910928
96951191689820127864271840103365984395
340193404210632335760508365704335069440
323761080488068179625804908661123767756
125167043475540117639384807764768464304
19173382645396663654547037297566174131
10915576683251711809772889638242658495
10176095958978016320276792946411848571
41860632343924409698810233275298601028
95774195237504753240089025471640899717
322211170785173918210378150949379993701
157279285318261895580650053534308867389
283183133505367586358775690039013860214
190794317092206962835584735187567318640
209653608296474541911759919438816192027
324597761107682366562655909091720
286533692446903971545151095514415663496
87841339417365931229827097229572337855
275167188776829657229314439014115933604
255594913820245231594515468836476883102
84856478425589348932793806942523052985
197638511176070700470095480639358030438
116304299810390334218768956678226384673
297571115670135006980882939573800874487
138197693015376785376280256273582425394
78225982267527197001378788384871676243
222171019554362751394258085330327903102
43087249457970944493339038181753012669
147186661490705921029607863246888424673
328112131394018013645522617526937784240
161628103056706774994138922639139718339
201593977694579540353770214205933102590
51183931922927599280276239807970645627
51183931888608895920089540837700751382
340193404210632335760508365704335069440
323761080488068179625804908661123767756
125167043475540117639384807764768464304
19173382645396663654547037297566174131
10915576683251711809772889638242658495
10176095958978016320276792946411848571
41860632343924409698810233275298601028
95774195237504753240089025471640899717
322211170785173918210378150949379993701
157279285318261895580650053534308867389
283183133505367586358775690039013860214
190794317092206962835584735187567318640
209653608296474541911759919438816192027
162338484278469003171077898803592
12138795317535533151474144817271443848
16233851723861966974099960067428436432
334512497550730698724934474227045129059
316937305851729467498778459776687707710
196803404516684273651144933480107179543
271563809460081548051884752051748267517
152073965356212504981396830420642010180
337518388973511458081778213244487218203
219204682777929405998019308702377522389
318641906199396591086476121715677812807
126598697039826465373429280017244155685
26524244672379772217348209571071021295
261055582326802209977951943555521903538
303082905322980576736601464593420085487
313317471129226059664674943608694864188
64760624873665356503209374504937646778
27797418169469063593995716467589935442
27797418160675140964102191804255778888
340193404210632335760508365704335069440
323761080488068179625804908661123767756
125167043475540117639384807764768464304
19173382645396663654547037297566174131
10915576683251711809772889638242658495
10176095958978016320276792946411848571
41860632343924409698810233275298601028
95774195237504753240089025471640899717
322211170785173918210378150949379993701
157279285318261895580650053534308867389
283183133505367586358775690039013860214
190794317092206962835584735187567318640
209653608296474541911759919438816192027
81208845863862321475288893659528
319236063697349434917042291833525935496
43710401827998966962708665052508500002
146727217510142020633754640536484744446
31004398488255669792930229264203446046
11728894630764316150492330266633806677
39219413418441897955243286645745710630
160827790240304020978361342203498839955
317612055347166748347788936684561242887
159108636199553445817132216947585008351
212537072939036623028999375326716961900
231070882635919550343668384248852380528
165538646408782191735550619875865065310
15261348312670807493068869437720038639
164409031491616268619540997015309200272
198996488659031679902839965283197573850
298007967026152645781211430590168105254
260089289290983553813418854226261589802
260089289319496672828049231013108965404
340193404210632335760508365704335069440
323761080488068179625804908661123767756
125167043475540117639384807764768464304
19173382645396663654547037297566174131
10915576683251711809772889638242658495
10176095958978016320276792946411848571
41860632343924409698810233275298601028
95774195237504753240089025471640899717
322211170785173918210378150949379993701
157279285318261895580650053534308867389
283183133505367586358775690039013860214
190794317092206962835584735187567318640
209653608296474541911759919438816192027
40644026656558980627394391087496
161385772472544445814890354604402973576
287452385889980266502232360232497698280
118883193164879107071694986671243103513
141283519546242995925437795728742565042
18097149857684474737399417779276263129
179369030994332433553543400855707808608
329622778489000919865980977518450042318
319416309236638514730972925759539993842
175878684407844514355827121617329704549
15082824305348334601224257882037621155
99569309088107375668640595904501777770
249103220492189195913275522211916942512
93077320990215845973625200425789362312
257453561603639200252642563018419608379
237857473985979906361477869935679053142
21229265169774859531565745536364968871
88359287970398975934365197999749503893
88359287956989109316343471426564442521
340193404210632335760508365704335069440
323761080488068179625804908661123767756
125167043475540117639384807764768464304
19173382645396663654547037297566174131
10915576683251711809772889638242658495
10176095958978016320276792946411848571
41860632343924409698810233275298601028
95774195237504753240089025471640899717
322211170785173918210378150949379993701
157279285318261895580650053534308867389
283183133505367586358775690039013860214
190794317092206962835584735187567318640
209653608296474541911759919438816192027
20361617052907310203447139801480
169374263403951991225870503618298943624
55908472883762697950778241737005357803
273567576850128328877260466596618520900
269462705398250233314456996694922454945
24438627225145763637615732067319036051
181629239762541037233777532240645891161
187451089024559585193081508106836007211
208472312443823558612407400924593754488
9107499866159504733912374813222819609
161965464860825228618354354784776493929
242769115143780648799359353482682807359
221066836903453070550981781785374225466
14154814382810255961617809063419409689
51133871324470074442413244697480007482
179321942128310358525315171953436711756
213476152869780215261085547228331668253
108620478751199970567822757731073917683
108620478754867011107767032588211279689
340193404210632335760508365704335069440
323761080488068179625804908661123767756
125167043475540117639384807764768464304
19173382645396663654547037297566174131
10915576683251711809772889638242658495
10176095958978016320276792946411848571
41860632343924409698810233275298601028
95774195237504753240089025471640899717
322211170785173918210378150949379993701
157279285318261895580650053534308867389
283183133505367586358775690039013860214
190794317092206962835584735187567318640
209653608296474541911759919438816192027
10220412251081474991473514158472
237321890745787079640776419100653689096
63695145441428682729020332335109282200
1428556581587996801493902071517536493
149622433631235348002837110672284021763
191553619977431693736648937916019155470
55239020818646432352089765045021045664
223885815558311881918985367247258679347
246945276325451946296143670802794447798
37184824618518244736313370734156937131
269934996955961614686563082993491744870
82214475801437282782387986180597435180
202230132958733510139296990974351227864
161728563165452447331118240636219589331
156064475954334945058463256809789053131
49950282889970161652329790266468086128
293604144011802928198868662064050751058
289846833681374061067819479164747127277
289846833713159961847741366490553494454
340193404210632335760508365704335069440
323761080488068179625804908661123767756
125167043475540117639384807764768464304
19173382645396663654547037297566174131
10915576683251711809772889638242658495
10176095958978016320276792946411848571
41860632343924409698810233275298601028
95774195237504753240089025471640899717
322211170785173918210378150949379993701
157279285318261895580650053534308867389
283183133505367586358775690039013860214
190794317092206962835584735187567318640
209653608296474541911759919438816192027
5149809850168557385486701336968
163418362029065533283982576579806665160
115697437896911540583238651753167792719
163728452422071824471465849405906901461
223097414445802880844342068374225462967
1285051622852569819754597263274174028
144741101822947363499648575862329404655
330889771830944163809740148815958819461
78470146281265224586735725740785489930
165525201756431629046089039718608164194
1518322783572287894338270672210685831
52114129610462555489703673087960725211
210955487589572096297416321631222138291
246054208470533218539670450102855406854
96669151809843926501441889941917155354
17103945335369448652733536196992897253
92791120953204809645235620261978983640
112900689497698270594928701647893752698
112900689451435138263241171952761421769
340193404210632335760508365704335069440
323761080488068179625804908661123767756
125167043475540117639384807764768464304
19173382645396663654547037297566174131
10915576683251711809772889638242658495
10176095958978016320276792946411848571
41860632343924409698810233275298601028
95774195237504753240089025471640899717
322211170785173918210378150949379993701
157279285318261895580650053534308867389
283183133505367586358775690039013860214
190794317092206962835584735187567318640
209653608296474541911759919438816192027
2614508649712098582493294926216
188255101538942483467464270082350946728
207808978672458355232318449198204881948
45221421184025434426680214258802249852
280954785722288420090214059475898401136
278441310988582866455298910438978713057
198008575130055714195163856233498921354
171032636310748044728733505895521701297
22851032931289017489464639311525569856
235693939968540510661071442985671617376
299827793378729852251955993909075841389
5245443697993921138066573548066858571
202113785020668140787324129304644970771
180403887524000092130013296735587609470
40074859771677831141113918426688690016
25807805132221974119146479675761032942
52809693769712059674312730181450347084
324552248909698763540876093939267585773
324552248860544599961008781490119419086
340193404210632335760508365704335069440
323761080488068179625804908661123767756
125167043475540117639384807764768464304
19173382645396663654547037297566174131
10915576683251711809772889638242658495
10176095958978016320276792946411848571
41860632343924409698810233275298601028
95774195237504753240089025471640899717
322211170785173918210378150949379993701
157279285318261895580650053534308867389
283183133505367586358775690039013860214
190794317092206962835584735187567318640
209653608296474541911759919438816192027
1346858049483869180996591720840
170626285852983469415455192311751416216
137760529767491432272405713142178348132
74564899114415132564893909833759943503
143554903567637666114011316501763520537
254451060302011756770743563590137361082
190164463239253252624268463308561935580
268410459429132675990468569625767348773
223754766917135345677926373836511226907
263473639210589249790505592496966271031
289801239684919407337403037240295504984
139110015723392226595466416474890661256
38434321756514020839392344259623503882
58950066038759411154778180953414088661
16613248194935477383252797768001605543
63905464620116538784005197321152316844
323773966640940561352139030370209623022
118051022224004792572917970988793370886
118051022228682322436535545912697095603
340193404210632335760508365704335069440
323761080488068179625804908661123767756
125167043475540117639384807764768464304
19173382645396663654547037297566174131
10915576683251711809772889638242658495
10176095958978016320276792946411848571
41860632343924409698810233275298601028
95774195237504753240089025471640899717
322211170785173918210378150949379993701
157279285318261895580650053534308867389
283183133505367586358775690039013860214
190794317092206962835584735187567318640
209653608296474541911759919438816192027
713032749369754480248240118152
141037076468268891104366789585250457984
185895979247474848875011738090094514620
106689768048565222124038225219605012139
149128404059950029202237929956525336308
339304641402162753997218604990359899253
323874280334502163448111944052156506984
319062369269929304137642356355969398547
288842994746507192404054488476172646419
139073246183729244349531275034242824876
9810984322676937277626826250831173998
245287969905185114213611238055144807187
26702738837352982973997688970703465435
309693579318875281489187721288152275747
151230453094151001379007521036504580437
160192904144329500589318714212343296205
271022096750281092752490428287892476593
232968502946051303305754445438217680137
232968502878527088009110772902353204421
340193404210632335760508365704335069440
323761080488068179625804908661123767756
125167043475540117639384807764768464304
19173382645396663654547037297566174131
10915576683251711809772889638242658495
10176095958978016320276792946411848571
41860632343924409698810233275298601028
95774195237504753240089025471640899717
322211170785173918210378150949379993701
157279285318261895580650053534308867389
283183133505367586358775690039013860214
190794317092206962835584735187567318640
209653608296474541911759919438816192027
396120099312697129874064316808
150188429960653512247034707046824581516
143252052697996282937643352979471805516
265525787153093370337702686158488308403
147519819013946321742889755809803418953
251209170716930360517518440534992081175
232538901542704840701591796527988158812
293616993039413663868389194422349168841
150381479567897734660480724943801337386
98610390705666747707146567093141959401
216416989075178071388816101505720236705
329434761554807509023864585299792148626
325832541158982807026887673673210168967
331608171511007975428948279980897044765
137201262170988675630984918034552682533
94547109140204792197797695881873907121
243688378522847168131920495355871316261
48333863109031962358075510052047072429
48333863161523691653850276935894261805
340193404210632335760508365704335069440
323761080488068179625804908661123767756
125167043475540117639384807764768464304
19173382645396663654547037297566174131
10915576683251711809772889638242658495
10176095958978016320276792946411848571
41860632343924409698810233275298601028
95774195237504753240089025471640899717
322211170785173918210378150949379993701
157279285318261895580650053534308867389
283183133505367586358775690039013860214
190794317092206962835584735187567318640
209653608296474541911759919438816192027
237663774284168454686976416136
313808335283301069896434973669069592970
723982390088688176815956131132692598
204398329519747843706900700730757591770
231069221753086019808096099770155924208
102254080482612101672171626502958139839
113665159807338568028222626419633519207
33487853122896499859596207855443493057
52852844410319154568081376427214623718
291905914770857370214712643417683890146
48224450148764330799316078718099200450
174098444197061027541019791792299142458
90626604034638296050943138761096851776
185577065373948764479466898846336193798
273947687967225384751251850556310734524
292925014886517570154328360240855562781
170475728726641871817109397262080482050
158699364379976233962764015340858928730
158699364360071154239001946051455482857
340193404210632335760508365704335069440
323761080488068179625804908661123767756
125167043475540117639384807764768464304
19173382645396663654547037297566174131
10915576683251711809772889638242658495
10176095958978016320276792946411848571
41860632343924409698810233275298601028
95774195237504753240089025471640899717
322211170785173918210378150949379993701
157279285318261895580650053534308867389
283183133505367586358775690039013860214
190794317092206962835584735187567318640
209653608296474541911759919438816192027
158435611769904117093432465800
147693651033881086624939907405543283081
276061082853505937038641182501578396211
273581905421775353911881989819415507959
140372176735234052750355022816375971869
3877213004993315254340716544786443054
290131648669715987945951839515352541276
119581261476137157767853221544186318716
186904418047191924580798193817055450662
350042188061371526598570210615550670
166332490694086341451983333167170943849
105946248568158234007706745232247530814
276707135946992047475542869971238573084
204831085929966111988405304176062579347
305265416940047772729893334347828369725
35534545146521004152998794876670256862
17067283863258912794651307528398168339
73912500681790890519749832010899065359
73912500713396418980778755125523707619
340193404210632335760508365704335069440
323761080488068179625804908661123767756
125167043475540117639384807764768464304
19173382645396663654547037297566174131
10915576683251711809772889638242658495
10176095958978016320276792946411848571
41860632343924409698810233275298601028
95774195237504753240089025471640899717
322211170785173918210378150949379993701
157279285318261895580650053534308867389
283183133505367586358775690039013860214
190794317092206962835584735187567318640
209653608296474541911759919438816192027
79207449264863151536743291272
3494808400932565189258219898494687624
288149701799396304266269626654469063259
237699314336254110348375287324012527845
247305865083963747571793463071678491712
312104363700412410872968967664691575041
266721041812739517564363947482402458669
317222916132206186093236694837975467883
287796506361628068875518019208415853576
61401475120581282464521446348112334528
87643115804792332375267819397603094387
47278942304147864987237973501660999414
43377461098993859422680326869072986775
339034325923669365073323447776545646715
31056812576594445740720638412305839059
31104000266669054182011779103046471384
34880402759385094876640434884460952792
296624990515392440448294065543554381985
296624990543603207809036400747794143836
340193404210632335760508365704335069440
323761080488068179625804908661123767756
125167043475540117639384807764768464304
19173382645396663654547037297566174131
10915576683251711809772889638242658495
10176095958978016320276792946411848571
41860632343924409698810233275298601028
95774195237504753240089025471640899717
322211170785173918210378150949379993701
157279285318261895580650053534308867389
283183133505367586358775690039013860214
190794317092206962835584735187567318640
209653608296474541911759919438816192027
79207449260251465518315903368
3494808420739605805311423555413121416
32937926583495339015667899856257745499
86935206052046192319628485978042745061
68917739146183711743201692887973710289
240093453574294568940433435169987464041
267033031603758598238909461957487771697
92605980326998840553860144076862156092
198266107731725081424631233286287201811
82782934375191630810968005528306987099
119007750174413149679891825308368992456
280984700204315826738762539144392921812
5616465358800343300247825047764728331
162679339572856814872088912008756537495
167780897022704275517560211272464660401
282458177105764496048396901925986480424
327768894293888438886510204651381264
6573325111458322347126700217557000257
6573325120034124772134579559428597432
340193404210632335760508365704335069440
323761080488068179625804908661123767756
125167043475540117639384807764768464304
19173382645396663654547037297566174131
10915576683251711809772889638242658495
10176095958978016320276792946411848571
41860632343924409698810233275298601028
95774195237504753240089025471640899717
322211170785173918210378150949379993701
157279285318261895580650053534308867389
283183133505367586358775690039013860214
190794317092206962835584735187567318640
209653608296474541911759919438816192027
79207449257945622509102209416
3494808430643126118738807973166619016
160543814177570600684656273480107623003
264589529073382204636235946827067244773
215027319878702601738230277779227165618
315019281176488170542063503123904616683
119934698111825277373829574578849747124
218422211549580345773250833151604050148
243290409701631949900938847272261960508
313418691224362843237958004393539444421
26720683349480049807596038779426058119
334827732018197203124640016742476999339
331234261347903713354027591747854609656
96567386808009062794717441880240159867
333612348275259009993444215265803117250
107744645041889397807055960501573237628
60655915183447970044425907163974109287
245439576037105126374565716202233128834
245439576077465820284340233926008947061
340193404210632335760508365704335069440
323761080488068179625804908661123767756
125167043475540117639384807764768464304
19173382645396663654547037297566174131
10915576683251711809772889638242658495
10176095958978016320276792946411848571
41860632343924409698810233275298601028
95774195237504753240089025471640899717
322211170785173918210378150949379993701
157279285318261895580650053534308867389
283183133505367586358775690039013860214
190794317092206962835584735187567318640
209653608296474541911759919438816192027
79207449256792701004495362440
3494808435594886290289168924562594184
96740870402170860843527438512588784219
50937720367348992475160381835553882341
228759604440594097307836636629302536903
338648760371524102185325443328549054146
300742190642148530978693872041457054202
158070621384450312397492758616937990919
4239919200049864424027718428675350035
239397334227961820617279796755134287279
101589295073142489198170766253009415900
60727930709902628976285071887665708856
157784009552258405858539753712848048994
31150225984783285013976396502004564417
326816651338823555378189332404836843959
87521506564934823637024973142304507194
242488756988402231631237519721092764202
84152147729976928694252878808256193221
84152147658425538567300169814070239460
340193404210632335760508365704335069440
323761080488068179625804908661123767756
125167043475540117639384807764768464304
19173382645396663654547037297566174131
10915576683251711809772889638242658495
10176095958978016320276792946411848571
41860632343924409698810233275298601028
95774195237504753240089025471640899717
322211170785173918210378150949379993701
157279285318261895580650053534308867389
283183133505367586358775690039013860214
190794317092206962835584735187567318640
209653608296474541911759919438816192027
79207449256216240252191938952
3494808438070766363000080123824871816
107374694393346362540254587661272154715
74573080500635751087950803593937125
89651138972162154780027307111158909432
159788550409853554754634920121538754530
178892172313243978949991840619299092168
97700276201546532140786090653184146627
115728383071876601103556785585437161153
24441393061211750471297987650642436184
263562021647342426335533673033720999095
233226529181661687221626644994005069603
64689373613263513639396282212986101482
164043090911786967661524333713441169877
329147775033911459791424527350742359507
245223336591367416132192075617076859888
164064615836346841978981010568048680624
846403932768889768174172154484339221
846403953121736146827804697901520725
340193404210632335760508365704335069440
323761080488068179625804908661123767756
125167043475540117639384807764768464304
19173382645396663654547037297566174131
10915576683251711809772889638242658495
10176095958978016320276792946411848571
41860632343924409698810233275298601028
95774195237504753240089025471640899717
322211170785173918210378150949379993701
157279285318261895580650053534308867389
283183133505367586358775690039013860214
190794317092206962835584735187567318640
209653608296474541911759919438816192027
79207449255928009876040227208
3494808439308706404501145108022466952
123325430328281635441852216052990280283
11459469088158922570573340504805163237
167969465960203567543610880480417240630
166229667707407128633979799254718687111
56620646958977022511559230000286448226
227697797047316959666117029087652765857
277057989479645206717162432411430770016
265817573455450192483139928265113072654
2952329771672165085921368540362345273
271068322808561974029923565369531188436
138564149475096631193722323127535110508
291428323652936500085894272420005864846
290361764128179717776772546730030603443
53356878157323050445764582779920546189
307725753486326466869174564849212095607
51935570999316017240611289215973577479
51935570947200723715172941437384986714
340193404210632335760508365704335069440
323761080488068179625804908661123767756
125167043475540117639384807764768464304
19173382645396663654547037297566174131
10915576683251711809772889638242658495
10176095958978016320276792946411848571
41860632343924409698810233275298601028
95774195237504753240089025471640899717
322211170785173918210378150949379993701
157279285318261895580650053534308867389
283183133505367586358775690039013860214
190794317092206962835584735187567318640
209653608296474541911759919438816192027
79207449255783894687964371336
3494808439927676423632674291173726600
120666974338926507581974961562839089755
26083443438651663748628252808933097701
207269386570990060317131192723522005064
14765581988496869099652685517413431350
37493641019056331433889802095240523365
233275842864693288472324672780576218869
84247583966444744754913772135238934093
6173384299652066814471892415592261405
110136955433668420224725811347631563352
173531912394271586525926268934844401385
321045946919720831708277281813896581779
294446507325663730018028952015675960012
185337190260618486782584972287324603556
274926954188602119782567412794524727606
111403715349097866061909910406898603035
138504616119489496799251518667180970811
138504616129811248317554826283561151734
340193404210632335760508365704335069440
323761080488068179625804908661123767756
125167043475540117639384807764768464304
19173382645396663654547037297566174131
10915576683251711809772889638242658495
10176095958978016320276792946411848571
41860632343924409698810233275298601028
95774195237504753240089025471640899717
322211170785173918210378150949379993701
157279285318261895580650053534308867389
283183133505367586358775690039013860214
190794317092206962835584735187567318640
209653608296474541911759919438816192027
79207449255711837093926443400
3494808440237161429276231957282986376
119337746361103266219411109129532670555
290555568699197336905938011903893258469
132296185764679414074357827072531931851
43509158320764104846229344086358083589
191217814321788121645300937643007778336
180361411854715006379051214062124133357
331673754696152152205383697431180741997
178840372351958312315026486077101478701
246279185500465936064867630350982542880
153913828430506165441076322958343501983
54149399060470749689868732625847119076
121116512820617464060628293636003877623
59607336858085144388337058989435789343
78960177073027415153021459097573730647
312578746296210376560846086443938969608
190306875876175527508597194675892812300
190306875815505420097537337620200133727
340193404210632335760508365704335069440
323761080488068179625804908661123767756
125167043475540117639384807764768464304
19173382645396663654547037297566174131
10915576683251711809772889638242658495
10176095958978016320276792946411848571
41860632343924409698810233275298601028
95774195237504753240089025471640899717
322211170785173918210378150949379993701
157279285318261895580650053534308867389
283183133505367586358775690039013860214
190794317092206962835584735187567318640
209653608296474541911759919438816192027
79207449255675808296907479432
3494808440391903938525037991381604744
117343904348775316514653503590148276827
303935943097772999469323136189799678181
300137262705375520840323980918876388279
323921951313678632080220142356817955843
272221109371245467022495780206969817147
129047465380866101504246859604290780448
226715212619421449991106874526955468289
282591241610425411300171187510009224053
212238471975717074870223461197375276778
114490258759040649780509437712352508254
80668790327633037326716293496566993110
176267577191186008990926840524653111271
314984167132200332680801688473149503368
142284960942206302062134384925341213631
33532248686223481688876722427169424245
173107423448599138681421219719194219392
173107423503029236441430084739111598461
340193404210632335760508365704335069440
323761080488068179625804908661123767756
125167043475540117639384807764768464304
19173382645396663654547037297566174131
10915576683251711809772889638242658495
10176095958978016320276792946411848571
41860632343924409698810233275298601028
95774195237504753240089025471640899717
322211170785173918210378150949379993701
157279285318261895580650053534308867389
283183133505367586358775690039013860214
190794317092206962835584735187567318640
209653608296474541911759919438816192027
79207449255657793898397997448
3494808440469275183274408111480936840
117676211301548225234740591958358688347
314147665060060114512294038354665226469
75208967033409292546412993810753713906
320402060224777539191236662272494281173
60015800940466826822965119876371914804
69088214081553013020371611027618939580
152311580082139515086529862712699105973
139982881732262666470128049931178261799
15316375232312642477238607848456169964
249931170778986597933674125521446440534
80079788835533795335044913067727039325
102095989347344140245611349589930301411
55862728971994319941459876217386494441
69071816936680347150521840150338083043
5391152561222887077362531044930153156
202105098711833026817785109797416094807
202105098670661910643327528521736463428
340193404210632335760508365704335069440
323761080488068179625804908661123767756
125167043475540117639384807764768464304
19173382645396663654547037297566174131
10915576683251711809772889638242658495
10176095958978016320276792946411848571
41860632343924409698810233275298601028
95774195237504753240089025471640899717
322211170785173918210378150949379993701
157279285318261895580650053534308867389
283183133505367586358775690039013860214
190794317092206962835584735187567318640
209653608296474541911759919438816192027
79207449255648786699143256456
3494808440507960817165738995807328648
118174671846650100695427492627270009435
91866646912399201892073918597662589157
235907604264203181929321474640351758887
78840010501446032778329523868834774891
199578187843595403749173231337908345248
332586029091690368793404702644499087762
90402852085219996438881631799078021243
74105190966786650936598511167916764467
27899797752027684760696778280451323136
7906820982719719261119440119382905847
216446205527921725033491776574275754267
118981917257314071559754162297773005905
129343652691717125052156083894271149167
23167178193774144884417359715489575843
243535911993491852127658975341803438934
170799474393398432373308943921868918655
170799474416693346570077603289134778610
340193404210632335760508365704335069440
323761080488068179625804908661123767756
125167043475540117639384807764768464304
19173382645396663654547037297566174131
10915576683251711809772889638242658495
10176095958978016320276792946411848571
41860632343924409698810233275298601028
95774195237504753240089025471640899717
322211170785173918210378150949379993701
157279285318261895580650053534308867389
283183133505367586358775690039013860214
190794317092206962835584735187567318640
209653608296474541911759919438816192027
79207449255644283099515885960
3494808440565989258117797303049427336
118091595094619265496694847004041478747
203127008090453537783987746301846044901
139109710504124302100839194835442631667
18985290013249537834253507488109107146
94069121422167291959771753054418402833
92547235895187378617167881540433858568
180615852190255206613536257804022163008
142409020822622775871813147890090229890
207590124307642449057539323276621310929
217555236711116759156264642802484427418
328957745342178812952648358346250635275
162512215826472694086028333157891206276
137229228999764702309741325768913364954
226044224969326200236014881525575433872
35118703433999392152819571784684199418
304739408364923809891500018781003685314
304739408352498590571825476638232237313
340193404210632335760508365704335069440
323761080488068179625804908661123767756
125167043475540117639384807764768464304
19173382645396663654547037297566174131
10915576683251711809772889638242658495
10176095958978016320276792946411848571
41860632343924409698810233275298601028
95774195237504753240089025471640899717
322211170785173918210378150949379993701
157279285318261895580650053534308867389
283183133505367586358775690039013860214
190794317092206962835584735187567318640
209653608296474541911759919438816192027
79207449255642031299702200712
3494808440536975022994799580420938120
118050056702210191361538327446175285851
54315422386690629621766757423094251749
287841514708530553696950271194798133328
274321046067347682746566188956039699413
92774217443127521250604241914412818123
273070969387551557566026164222466291678
337754586582954504489078676979498736389
311719415784267294944776968784441488198
229701415633515427356356212421812086984
95739179316926685490437307547420475366
205730512740727105441782140911017321662
120777920308554567004521596925518862560
47309139844388509233049945207375587896
334702323548361690198888252610117743970
305557115264140917230820069436163819482
302779935652836813335185103737963161832
302779935641953666040848025306302415254
340193404210632335760508365704335069440
323761080488068179625804908661123767756
125167043475540117639384807764768464304
19173382645396663654547037297566174131
10915576683251711809772889638242658495
10176095958978016320276792946411848571
41860632343924409698810233275298601028
95774195237504753240089025471640899717
322211170785173918210378150949379993701
157279285318261895580650053534308867389
283183133505367586358775690039013860214
190794317092206962835584735187567318640
209653608296474541911759919438816192027
79207449255640905399795358088
3494808440541810731921056034554812808
117987749115338782492859175296951321179
32926393224230431970629254961425105125
149757179737054020775328873740482326977
245438004648541316851070916412890461837
57918550744438794423128203452060513000
139952967346554938152379947813634336969
170890556708155980856767906596218970956
10498875779915935141411868529244425084
282109891055761748661844388982649262986
309529331587388847878295170715869167180
307509375154434015680120268780994263823
232086865792990578699116637653958836040
40564984842306233247123311745088118000
138268447745509329218720167451234555366
161328680520614384356096840740785872265
249302867757392533071934363272851932687
249302867693638313799767987408345987647
340193404210632335760508365704335069440
323761080488068179625804908661123767756
125167043475540117639384807764768464304
19173382645396663654547037297566174131
10915576683251711809772889638242658495
10176095958978016320276792946411848571
41860632343924409698810233275298601028
95774195237504753240089025471640899717
322211170785173918210378150949379993701
157279285318261895580650053534308867389
283183133505367586358775690039013860214
190794317092206962835584735187567318640
209653608296474541911759919438816192027
79207449255640342449841936776
3494808440544228582938143388699629960
117998133711726783451135479504347267675
122311264694429408825786106973684187365
61974633228991365578854740976419872683
311197058083921272821715031658474076380
234660504458239101108539580383644896911
264041182934157288221151846514364458451
219690880085612781047714141211187097133
95572477927004467972848672290221356320
30732158568317081997967878664759838711
299609113381521736309770290619015500202
208096705796947354778056896083864373378
333606678930397966522194116238627008051
218586479177063789655475333318898638379
273844338541001458712639169040496780465
112523959295435846724901623105335776520
140434507453953517213532232045939872646
140434507456412250914359271052104786040
340193404210632335760508365704335069440
323761080488068179625804908661123767756
125167043475540117639384807764768464304
19173382645396663654547037297566174131
10915576683251711809772889638242658495
10176095958978016320276792946411848571
41860632343924409698810233275298601028
95774195237504753240089025471640899717
322211170785173918210378150949379993701
157279285318261895580650053534308867389
283183133505367586358775690039013860214
190794317092206962835584735187567318640
209653608296474541911759919438816192027
79207449255640060974865226120
3494808440547855359038129086275426696
118003326014731975090545825032068858459
220872077926088982704160021825251197157
109014341393115601371285754185146711921
164922915885225930317409885537824276360
166233393060447395580947189748542271115
320171492877530310970078071298029895362
196934222306701641811172878168020786207
262219712057862339768790851425510014790
190128710386350438672146448571802565878
253080183069489531821465923545639397605
86275857175714990731099994032682773792
311513802961528139032287319206186367396
22217902270334171483666432517845119305
315435958919738167676745794825326550763
203293048039544285299846741467052152005
50555651247838181075993385844352274718
50555651214701737143549290406785418555
340193404210632335760508365704335069440
323761080488068179625804908661123767756
125167043475540117639384807764768464304
19173382645396663654547037297566174131
10915576683251711809772889638242658495
10176095958978016320276792946411848571
41860632343924409698810233275298601028
95774195237504753240089025471640899717
322211170785173918210378150949379993701
157279285318261895580650053534308867389
283183133505367586358775690039013860214
190794317092206962835584735187567318640
209653608296474541911759919438816192027
79207449255639920237376870792
3494808440546041978576147462188865928
118005922206571762313377791347400049243
123008068519659300932901859541637513445
248036966035466569277187600400257919808
111802482072225638888320766756124669712
151845354489366637214086859553228345075
110389779273181071085080467308551504944
227114265370296923266515494794598947095
227760842981720115399156821143686874183
305125841604315476286286332970904794508
174848652621231897125286728835199648949
193940433620391574518474082162578355554
107132759802567423933935628230377408552
23343407858579740620604609486992905694
224035217563322601719647399572538465041
302616291802188601056604711504485140556
18131714752305317193577167374082754334
18131714706635623351802460854867430945
340193404210632335760508365704335069440
323761080488068179625804908661123767756
125167043475540117639384807764768464304
19173382645396663654547037297566174131
10915576683251711809772889638242658495
10176095958978016320276792946411848571
41860632343924409698810233275298601028
95774195237504753240089025471640899717
322211170785173918210378150949379993701
157279285318261895580650053534308867389
283183133505367586358775690039013860214
190794317092206962835584735187567318640
209653608296474541911759919438816192027
79207449255639849868632693128
3494808440546344209040849811003840904
118009816438729851344384178974013719131
34604057418655356528000357009818452197
111990886520621491771324996713567890052
75580396173111551891215123292183212169
80967087284359267536323845277821587515
28801955532275837402535268439097306192
286218562866814880590010251129532537679
193687660000116707130970181553840793889
182589324596645384651017255874037347308
267577849003340226617898905197394243954
194197484800983761693060833876445481926
259381495910475242701807689405616589490
970490390848340477282883649180605978
8037103150427096043689326613745644818
206983367269349353419683645507203085955
56302370946406375839484244706723335143
56302370925031438020578664326692555014
340193404210632335760508365704335069440
323761080488068179625804908661123767756
125167043475540117639384807764768464304
19173382645396663654547037297566174131
10915576683251711809772889638242658495
10176095958978016320276792946411848571
41860632343924409698810233275298601028
95774195237504753240089025471640899717
322211170785173918210378150949379993701
157279285318261895580650053534308867389
283183133505367586358775690039013860214
190794317092206962835584735187567318640
209653608296474541911759919438816192027
79207449255639814684260604296
3494808440546797557518527610481187208
118009167395807630962960414164344046171
303522637946811376066123715377235583205
235549754400820316096611116505391562794
321211477994377113766743938104670790159
243115182090130132018753045387958093204
61319282755609503423790693817889888805
254949696906844791801310472572376710986
188386696605293321712864222258731097859
59294346293322333409977198635093058624
71020155179031560913363516391389753655
127462505866870576816045668024690912954
66256482901417236363392123663736044340
166160150739206009920754189788318964177
87749935133253710507016616958609037858
204398196756994840592424363128585867408
85669645579383442447346560293090470184
85669645536664818250327410125271953620
340193404210632335760508365704335069440
323761080488068179625804908661123767756
125167043475540117639384807764768464304
19173382645396663654547037297566174131
10915576683251711809772889638242658495
10176095958978016320276792946411848571
41860632343924409698810233275298601028
95774195237504753240089025471640899717
322211170785173918210378150949379993701
157279285318261895580650053534308867389
283183133505367586358775690039013860214
190794317092206962835584735187567318640
209653608296474541911759919438816192027
79207449255639797092074559880
3494808440546570878682250606369479048
118008193778782988392313087437383598683
63227601300078306414249846934887551205
73528065063114438995820558380170699816
241963321574583442330216327831755580663
104593129446633659847896838757111456206
118296334226989761900138354469222038176
59811519317024245086045415073390354128
219376801178599476577010027022435868188
28040086464752934508841720652291931743
262939313108445741402846840384000528179
69103874126027162722886200170296774732
247676006377387487737409104790003545475
251071050144384933619229381167743940841
120076756656330960401389965146994793394
328752706078184546139792185816568276075
122086273030406645836168255986549880788
122086273022055033978352077939391887832
340193404210632335760508365704335069440
323761080488068179625804908661123767756
125167043475540117639384807764768464304
19173382645396663654547037297566174131
10915576683251711809772889638242658495
10176095958978016320276792946411848571
41860632343924409698810233275298601028
95774195237504753240089025471640899717
322211170785173918210378150949379993701
157279285318261895580650053534308867389
283183133505367586358775690039013860214
190794317092206962835584735187567318640
209653608296474541911759919438816192027
79207449255639788295981537672
3494808440546608668831931205623126408
118008356073711314933386144157616243291
240937829578377167122390965244368865509
159136395514795687431615349911481263457
119326439381794978404149165673422133144
24794414209216445600323611669746384559
83520218163584110035478176734535870156
256366606201976376800230850561160986090
153544596714791012470640830140994875416
118889784634279521787601290188250254360
123018845133315634785778112997879679806
335613735966779773907468001011693175836
156530419988578112767614354680666538800
141863811152222115428161429082986297484
149312362974750956556560408173734208555
317774194805972989613299311446815069849
287895036305384426968751169467537495407
287895036323251056451324897574998819637
340193404210632335760508365704335069440
323761080488068179625804908661123767756
125167043475540117639384807764768464304
19173382645396663654547037297566174131
10915576683251711809772889638242658495
10176095958978016320276792946411848571
41860632343924409698810233275298601028
95774195237504753240089025471640899717
322211170785173918210378150949379993701
157279285318261895580650053534308867389
283183133505367586358775690039013860214
190794317092206962835584735187567318640
209653608296474541911759919438816192027
79207449255639783897935026568
3494808440546627543907564438149568904
118008437181307215157329623777204699739
29727351688107875493022857819501184229
308226005943243264620769728777613415133
336037747713616740512406660164037948136
97911580870410801906087102454497580317
201591544552568489757034384266992535657
82212642843637362182815375450614746049
144512598432826663060058455536775138741
128077652688425983490347308425892465715
267330629594745450793618575924604962332
331934282941427291004333734383167493347
120381502480147209055938678419488943654
257709294167229113056034078309196411728
237224601076175352917007292203141160189
236104230510704705192822331840415243932
128064150027838744737778987902749902160
128064150064988818628207861165254333848
340193404210632335760508365704335069440
323761080488068179625804908661123767756
125167043475540117639384807764768464304
19173382645396663654547037297566174131
10915576683251711809772889638242658495
10176095958978016320276792946411848571
41860632343924409698810233275298601028
95774195237504753240089025471640899717
322211170785173918210378150949379993701
157279285318261895580650053534308867389
283183133505367586358775690039013860214
190794317092206962835584735187567318640
209653608296474541911759919438816192027
79207449255639781698911771016
3494808440546655884380910186824112520
118008558932975679708449178938931085915
262421573112469375360176892469117010661
280273700669487294924840571151714016063
300948649195323876573785422545650997723
132444682700443863780257774203975665917
111506105084613501067254703608992446152
49481073977565135459755171303351721515
84934590201528780609866593663175568580
5288081288223047902984629975217856411
163572722636772291201897370667474792261
27161156226266117781024610770464841892
130252355301061586652993730078805693932
194492405806761640998845318493414334958
85654552679185471649194624204398330424
80165093741219578715368332334590206523
40588886410058583276393000679802616902
40588886362165775294868472460177172423
340193404210632335760508365704335069440
323761080488068179625804908661123767756
125167043475540117639384807764768464304
19173382645396663654547037297566174131
10915576683251711809772889638242658495
10176095958978016320276792946411848571
41860632343924409698810233275298601028
95774195237504753240089025471640899717
322211170785173918210378150949379993701
157279285318261895580650053534308867389
283183133505367586358775690039013860214
190794317092206962835584735187567318640
209653608296474541911759919438816192027
79207449255639780599400143240
3494808440546641713728572147106486664
118008498021505922000511423820326961755
281736967665141237813659712997663785445
234339986437415974327776289046171665841
173417851993884898704159339267391661269
58462713692576375107049722170634993979
287112055719293075554461508872126685087
306075762273743393205281047123391516678
262331222905522346840929435738713265574
240131260984526020306501404055322572511
278968000888241321673058190771454821618
284652607495594860796755731323054267679
49441942563266599173887550999086530705
148133967531946275644683876492515490553
311364539360473192208371999723745136055
175272670064497662852318085659150054465
263256818035887694865395389266172594642
263256818045670805920858443812457889920
340193404210632335760508365704335069440
323761080488068179625804908661123767756
125167043475540117639384807764768464304
19173382645396663654547037297566174131
10915576683251711809772889638242658495
10176095958978016320276792946411848571
41860632343924409698810233275298601028
95774195237504753240089025471640899717
322211170785173918210378150949379993701
157279285318261895580650053534308867389
283183133505367586358775690039013860214
190794317092206962835584735187567318640
209653608296474541911759919438816192027
79207449255639780049644329352
3494808440546644083824575585391909256
118008528486031082506864632725885878875
313304887020220564686607459130695827557
217942213868485200894398339564660983496
5540835924916272632559622153091988809
227277728695756213934427572816063312205
291358648450990108893617026667205805280
18577873775390169698139167237307103030
144879939509088850343263900051604467309
234792330406317031548075782311201525123
693305908386333712389492211429770856
272075906865745328757850289580454171610
6514588951482864149934563119732191338
125269193712969620143211042291784661768
145336421360918063191149543357240518100
120813818119055565320358188386551370634
273540766020111165521133457917218120990
273540766035554554498684930834002175949
340193404210632335760508365704335069440
323761080488068179625804908661123767756
125167043475540117639384807764768464304
19173382645396663654547037297566174131
10915576683251711809772889638242658495
10176095958978016320276792946411848571
41860632343924409698810233275298601028
95774195237504753240089025471640899717
322211170785173918210378150949379993701
157279285318261895580650053534308867389
283183133505367586358775690039013860214
190794317092206962835584735187567318640
209653608296474541911759919438816192027
79207449255639779774766422408
3494808440546645265742371926227720584
118008523410060324519927310162615009883
268458342057799664314613653525196521637
225383027655901129564708836062992099183
7817691776597924193931108738427889851
51833804761020268654985449241936376054
187438378265814591735861524727025634862
215884694641396901073211377301907113160
94037629616111016691038369687571495090
282527685907569467792876945702710471705
144923043400697909155031858971022591916
136958436575506880567160714831939599607
146897484677639314554440760367887132108
140489279330501640316283157501312072747
143282469459947596478402056703004614029
195240519278854452115822023038152304236
246331194891640022092588064524791313612
246331194930276360981274487626132534856
340193404210632335760508365704335069440
323761080488068179625804908661123767756
125167043475540117639384807764768464304
19173382645396663654547037297566174131
10915576683251711809772889638242658495
10176095958978016320276792946411848571
41860632343924409698810233275298601028
95774195237504753240089025471640899717
322211170785173918210378150949379993701
157279285318261895580650053534308867389
283183133505367586358775690039013860214
190794317092206962835584735187567318640
209653608296474541911759919438816192027
79207449255639779637327468936
3494808440546647028710953189169076616
118008515758922006150669419200626491995
114093183427402149860862040760878973125
129990609749214995350228662501411903867
248607579447688681947726860082651192937
72931343993788377094004079840903955714
14086434987879812010851050811961691436
285509815262613746891783065139463235481
140262599313604663833920635486636976445
279259789228300770231464881599992531217
70952787001184958034061101512435279725
248415758533617586206899347848314705720
166250477642522486366887866736325540618
139427102845937313300722218938819198052
253883225766982691818753165532833936165
74618174379236742502363984278680138800
193073824467007855521591158574487367689
193073824470645600492124070111798770699
340193404210632335760508365704335069440
323761080488068179625804908661123767756
125167043475540117639384807764768464304
19173382645396663654547037297566174131
10915576683251711809772889638242658495
10176095958978016320276792946411848571
41860632343924409698810233275298601028
95774195237504753240089025471640899717
322211170785173918210378150949379993701
157279285318261895580650053534308867389
283183133505367586358775690039013860214
190794317092206962835584735187567318640
209653608296474541911759919438816192027
79207449255639779568607992200
3494808440546646738073621555973888392
118008519621480112727669388322686567003
42175269048523360196178420770171076853
127701262100560314941523989054137105418
92778505493740249737203846402054604763
148094062175986764714100765125421984893
204094518086984140438086830680116247859
40433378118421886828331696775901313504
7043612101906388113756671232184530684
89096968093669188730382570013036813795
241338917468044225157270648980641525346
160188771755653016878462965533289904650
234937184045694684095650367598525785535
151580537849403576774538697571930296442
74090345184980999615126222776675304520
208626399711555984720171895485867171144
26141103902578943524909036005349391272
26141103909386951779567542450704959104
340193404210632335760508365704335069440
323761080488068179625804908661123767756
125167043475540117639384807764768464304
19173382645396663654547037297566174131
10915576683251711809772889638242658495
10176095958978016320276792946411848571
41860632343924409698810233275298601028
95774195237504753240089025471640899717
322211170785173918210378150949379993701
157279285318261895580650053534308867389
283183133505367586358775690039013860214
190794317092206962835584735187567318640
209653608296474541911759919438816192027
79207449255639779534248253832
3494808440546646284865120801798134152
118008517686106037407522318086580666971
275558055839222862388681781324525682925
158682754734911030388195609841528002641
178135570718302052032144783697752340048
43169497923564897748108990065636653241
47896621603744408152611605567965034847
201948249421374237146900180175932020864
296440945304414313768866127548871297253
210832419546108154599944381196549906951
144995757158106121424624942050280867097
282760354415878708879969441343025151879
195597381405301642966277699566935683162
68597798590853591356224604435359514229
325687928985396611157713438619968317787
308031827314300593695437398478986372067
302959603666469708503094767504378873250
302959603698890907013901075284740165290
340193404210632335760508365704335069440
323761080488068179625804908661123767756
125167043475540117639384807764768464304
19173382645396663654547037297566174131
10915576683251711809772889638242658495
10176095958978016320276792946411848571
41860632343924409698810233275298601028
95774195237504753240089025471640899717
322211170785173918210378150949379993701
157279285318261895580650053534308867389
283183133505367586358775690039013860214
190794317092206962835584735187567318640
209653608296474541911759919438816192027
79207449255639779517068384648
3494808440546646370261678552840313224
118008518666208166831859109700747592283
54737430051387265238620404729411879137
80538584140712832697360779651318308589
19035592255762237371643196806786822990
290947134363627802912404927741451832872
313920389346001568509931305345085127920
57912115159046834908214335922737285996
77003643487974144816830797948651302449
146522121594052475429847016093319450046
326781896536045606133731371617957052315
113787283156205900081695818996536947247
153459642369368448322099306951542324155
301833560955225750992376936618139931014
209264271802458546861272957097550404173
175865494212544806105653550010423869546
264340180547560522243683228385566160463
264340180495236494106063474257633887522
340193404210632335760508365704335069440
323761080488068179625804908661123767756
125167043475540117639384807764768464304
19173382645396663654547037297566174131
10915576683251711809772889638242658495
10176095958978016320276792946411848571
41860632343924409698810233275298601028
95774195237504753240089025471640899717
322211170785173918210378150949379993701
157279285318261895580650053534308867389
283183133505367586358775690039013860214
190794317092206962835584735187567318640
209653608296474541911759919438816192027
79207449255639779508478450056
3494808440546646472595970173925235080
118008518459438708481535628700320727643
227415822556945039521844642858404495591
250294787739553085654041676550413280510
203427459090905820366366931323151948869
50837368910567922838817997204568450328
314268527630733072139339667302519944705
204180530650210407312604542816261750775
35047159563587943624563488069539407083
180851535146475279139995910646536324960
225341017861348850484843390106811261143
101335920071525843886829889162754215089
337181685965970974499926299483017973522
67402298255490131756242950231612245408
66863128859853350016894149819702700076
60190009026292284081292416426852420481
171130021730862091479398908169688722576
171130021755228302422730330077175798271
340193404210632335760508365704335069440
323761080488068179625804908661123767756
125167043475540117639384807764768464304
19173382645396663654547037297566174131
10915576683251711809772889638242658495
10176095958978016320276792946411848571
41860632343924409698810233275298601028
95774195237504753240089025471640899717
322211170785173918210378150949379993701
157279285318261895580650053534308867389
283183133505367586358775690039013860214
190794317092206962835584735187567318640
209653608296474541911759919438816192027
79207449255639779504183482760
3494808440546646460868351407130581384
118008518271812374481097895291262272091
328339929630901204758789367563045912804
323716431383959125801569652774231452965
288785273591367906053799504705090690521
264282710474497998696537304219670025285
126349247536463621716613846515591160431
14117152476143047903239294242622517144
119607976585502501863649526060995069138
41387247876121412464197574976773667210
145092444877012421280027196069440665873
273638267672520097323424936169117424786
291517241712563504896883561005973916080
65337580202734866375416109625469189298
234283975647576963556184833485766742694
273484609582606938627343434184737105557
55345888509628021541023037463967250506
55345888539024202575170627938905727184
