340193404210632335760508365704335069440
323761080488068179625804908661123767756
125167043475540117639384807764768464304
19173382645396663654547037297566174131
10915576683251711809772889638242658495
10176095958978016320276792946411848571
41860632343924409698810233275298601028
95774195237504753240089025471640899717
322211170785173918210378150949379993701
157279285318261895580650053534308867389
283183133505367586358775690039013860214
190794317092206962835584735187567318640
209653608296474541911759919438816192027
5233177328102650057241765316368263
233372535439496461782385190117458025355
3962948671279139286615175450793868120
239173955250818987509338188723149726136
73670575838662659071235305606144945961
137241669462974536039495786549502998106
315353063330860501029998097008896629177
131925559387254325357961700089334339516
255008584087820976792449117123369346311
125250320670489342169548543114314138735
90790110419974815934884612446019404949
51759606850625926319048451981303830471
332107077538685018990294686715822398689
40090232121395137484323188208357861013
168243280451543636161711430192369174540
86537373383319313633185064219947345892
133453992158858968690489943830686345391
295316812236947605359396326435516206544
295316812265128739704437957951046849789
