340282366920938463463374607431768211455
170141183460469231731687303715884105727
85070591730234615865843651857942052863
42535295865117307932921825928971026431
21267647932558653966460912964485513215
10633823966279326983230456482242756607
5316911983139663491615228241121378303
2658455991569831745807614120560689151
1329227995784915872903807060280344575
664613997892457936451903530140172287
332306998946228968225951765070086143
166153499473114484112975882535043071
83076749736557242056487941267521535
41538374868278621028243970633760767
20769187434139310514121985316880383
10384593717069655257060992658440191
5192296858534827628530496329220095
2596148429267413814265248164610047
1298074214633706907132624082305023
649037107316853453566312041152511
324518553658426726783156020576255
162259276829213363391578010288127
81129638414606681695789005144063
40564819207303340847894502572031
20282409603651670423947251286015
10141204801825835211973625643007
5070602400912917605986812821503
2535301200456458802993406410751
1267650600228229401496703205375
633825300114114700748351602687
316912650057057350374175801343
158456325028528675187087900671
79228162514264337593543950335
39614081257132168796771975167
19807040628566084398385987583
9903520314283042199192993791
4951760157141521099596496895
2475880078570760549798248447
1237940039285380274899124223
618970019642690137449562111
309485009821345068724781055
154742504910672534362390527
77371252455336267181195263
38685626227668133590597631
19342813113834066795298815
9671406556917033397649407
4835703278458516698824703
2417851639229258349412351
1208925819614629174706175
604462909807314587353087
302231454903657293676543
151115727451828646838271
75557863725914323419135
37778931862957161709567
18889465931478580854783
9444732965739290427391
4722366482869645213695
2361183241434822606847
1180591620717411303423
590295810358705651711
295147905179352825855
147573952589676412927
73786976294838206463
36893488147419103231
18446744073709551615
9223372036854775807
4611686018427387903
2305843009213693951
1152921504606846975
576460752303423487
288230376151711743
144115188075855871
72057594037927935
36028797018963967
18014398509481983
9007199254740991
4503599627370495
2251799813685247
1125899906842623
562949953421311
281474976710655
140737488355327
70368744177663
35184372088831
17592186044415
8796093022207
4398046511103
2199023255551
1099511627775
549755813887
274877906943
137438953471
68719476735
34359738367
17179869183
8589934591
4294967295
2147483647
1073741823
536870911
268435455
134217727
67108863
33554431
16777215
8388607
4194303
2097151
1048575
524287
262143
131071
65535
32767
16383
8191
4095
2047
1023
511
255
127
63
31
15
7
3
1
