340193404210632335760508365704335069440
323761080488068179625804908661123767756
125167043475540117639384807764768464304
19173382645396663654547037297566174131
10915576683251711809772889638242658495
10176095958978016320276792946411848571
41860632343924409698810233275298601028
95774195237504753240089025471640899717
322211170785173918210378150949379993701
157279285318261895580650053534308867389
283183133505367586358775690039013860214
190794317092206962835584735187567318640
5233177328102650057241765316368263
233372535365260191350012396877637550595
336408299296526088129672725756998969944
261242286479785947495755141104883065272
73670575838662659071235305606144945961
137241669430365283616629340419027398610
25006583098941649150370540952928372921
27050021504157852189011703063597029308
255008584087820976792449117123369346311
125250320671536067465623498986083638759
249413759973209938276196265888795219349
108450792145796028310471208393991477191
332107077538685018990294686715822398689
40090232069302210986562350664512012061
172117661517171852527201549609381468428
72422981763315590894245029456371296228
133453992158858968690489943830686345391
295316812236947605359396326435516206544
295316812265128739704437957951046849789
