66.57745838165283
386.2105691432953
537.7109546661377
244.89870834350586
114.21603512763977
67.2579505443573
198.97132992744446
110.77880692481995
393.54415106773376
254.88593745231628
110.61586046218872
66.8275945186615
97.03121495246887
677.7191960811615
228.61390852928162
29.486815690994263
250.43559503555298
553.0908827781677
246.05875253677368
383.4144551753998
68.05703711509705
87.8794379234314
79.29075217247009
1634.2769606113434
349.0710201263428
67.14281344413757
46.62257170677185
170.7426838874817
381.7898292541504
366.47274446487427
31.997945547103882
32.10952043533325
53.26940083503723
456.9026107788086
246.24687218666077
29.580995321273804
69.41264343261719
51.00965428352356
83.84938478469849
264.08328199386597
390.76767206192017
258.46905517578125
391.12415742874146
115.70263719558716
111.30820560455322
32.64190125465393
93.0194354057312
70.90925645828247
240.27949333190918
511.82318687438965
