151.10442781448364
867.2154207229614
866.4971752166748
803.0852446556091
1735.7220153808594
1701.5285816192627
828.3910703659058
353.7707152366638
386.52033400535583
423.4968192577362
140.29333758354187
396.3839180469513
1401.6213519573212
387.0353877544403
367.41655254364014
583.1421508789062
403.68909645080566
861.8443412780762
1323.673877954483
389.15294647216797
173.7755970954895
866.8195629119873
1310.661019563675
883.4575145244598
4942.342975616455
153.22708225250244
866.9657118320465
1313.0080506801605
408.32487773895264
1369.370194196701
127.65296149253845
1897.294451713562
774.7061102390289
817.3318612575531
1263.1103224754333
1151.1568219661713
438.53859782218933
399.95880794525146
776.4088432788849
1787.7565200328827
638.8201234340668
813.2434029579163
405.5678882598877
1305.577124118805
1352.7579581737518
625.2679440975189
408.318932056427
1895.9374737739563
1728.0161538124084
2396.0128684043884
