644.4257998466492
4053.0849964618683
1787.3137578964233
2746.9632952213287
1721.2990486621857
633.00612616539
1897.3746988773346
1778.9030663967133
3778.8632893562317
821.6458578109741
1556.176213502884
887.2322924137115
854.0928547382355
4927.106109380722
2530.129330635071
1619.267306804657
827.0564868450165
5106.177366256714
1750.4474346637726
830.838348865509
1584.828542470932
886.7073380947113
860.8906736373901
3941.537225484848
1614.9000942707062
603.0299808979034
2849.848119497299
2860.775740146637
5922.535722017288
790.126579284668
4916.389437913895
820.6890306472778
1795.1180057525635
825.2261655330658
818.5870094299316
2610.338426589966
2951.773002386093
2794.9233107566833
2650.7932510375977
3513.0586268901825
1598.7853248119354
1783.6217758655548
840.2306938171387
2766.846126317978
7084.090047597885
5128.037026166916
885.5358617305756
1714.7488663196564
846.5437197685242
1747.6153235435486
