6663.03574514389
1460.253648519516
1356.240445137024
4663.622805118561
9697.096491098404
2921.8147778511047
1455.325607061386
1354.3499729633331
3049.7302770614624
8022.905506372452
1338.9990479946136
1540.1260216236115
3027.2187263965607
1494.117867231369
2939.456320285797
1462.7644209861755
3041.3653411865234
1418.279197692871
1429.5555303096771
3043.8546011447906
2972.585346698761
1570.8275589942932
4572.99019575119
7941.598148822784
2677.400762319565
8517.24143910408
2996.7289655208588
1333.449811220169
1310.0437307357788
1246.686499595642
6631.352468967438
3012.686662912369
6099.384380817413
1326.162433385849
7659.232629537582
10760.348059654236
1411.5128772258759
4370.420919418335
2523.094937324524
11101.456139564514
1322.3288781642914
8625.598861694336
1385.1777029037476
1323.2071487903595
2714.6340279579163
2932.488362789154
1505.384795665741
12663.998094320297
7453.248881101608
10834.72458577156
