2127.8064699172974
2401.0427539348602
10219.409306287766
9026.792223215103
6015.861636400223
2104.388166666031
4917.388460159302
6947.276070594788
14264.606150388718
1737.2611145973206
4818.313399076462
4681.254646778107
6725.2302124500275
6276.4446041584015
2020.4396903514862
2207.8750789165497
7427.068832874298
2090.927136659622
6453.416635751724
8874.972815990448
10084.843367099762
4288.607625246048
6298.398691177368
8834.85686993599
10890.121909618378
2202.023369073868
4754.966620206833
2089.3705291748047
4403.024565935135
1946.6939103603363
7502.261479616165
2080.9581413269043
6764.733907461166
2080.2444705963135
6511.473018169403
10322.222876787186
17864.23726296425
1806.0719819068909
7991.406802415848
7562.093824148178
10075.843898534775
2088.32599401474
6666.564078092575
4154.547234535217
1965.0648710727692
10581.206474781036
11898.701848745346
14137.734802484512
10072.346222877502
1612.4567606449127
