6661.197264671326
6482.961452960968
6099.797341823578
2826.550107240677
2862.569248199463
3395.419830799103
6914.464592218399
9454.773909330368
2759.0668466091156
2912.050966024399
6816.780448436737
6405.241948127747
2867.827103614807
2809.2725925445557
2960.7442648410797
3402.321060657501
13856.936678409576
3017.6958541870117
2822.4346992969513
5706.513396978378
14148.435957431793
16605.04351592064
5182.904010772705
5169.369609117508
2329.955804347992
6720.61899638176
10291.780233860016
9161.039800405502
8413.797392606735
2392.0574204921722
3371.6666910648346
14270.103209018707
5761.378231048584
2777.890719652176
11322.903778791428
6560.807980775833
6479.803619146347
6127.423687696457
2814.835029602051
19097.654268741608
10592.668922662735
13143.325079917908
5542.518751382828
5261.6426911354065
5102.975900411606
3343.890667438507
10287.413422346115
6266.989308357239
2812.1604766845703
2846.007921218872
