14192.557123422623
12681.701094388962
3395.241313934326
15265.029185771942
13623.011895179749
9080.84275007248
8389.73069190979
7745.244957685471
3641.721579313278
7120.554793834686
19178.566228866577
12153.908507108688
3306.629886865616
19106.131620645523
6077.895777463913
4664.985472917557
18415.45267343521
15709.902148485184
3322.948189496994
3294.5053157806396
4469.467308759689
18272.677134752274
7608.416408061981
15366.945564031601
6379.695645093918
14537.687389850616
3764.8624897003174
21123.772186756134
6751.736269950867
6441.659506082535
24264.741793632507
11256.124071121216
10729.803947925568
9981.319249391556
12485.796890497208
19367.807037591934
7825.910229206085
3671.7507996559143
11007.817634105682
14211.959374904633
18768.33203101158
8164.338340759277
3575.4910728931427
19618.19818520546
13416.531128168106
30000.46547317505
7225.356951236725
3381.6182572841644
3323.9435062408447
3108.030337333679
