5854.885307312012
17367.223004817963
4798.712907075882
19682.837659597397
17464.930962085724
11732.102334976196
22217.841766357422
9312.689692497253
4085.9703710079193
4078.919507741928
11851.572840213776
11103.959395170212
32539.139590024948
3662.5286507606506
3615.659538269043
6092.134052276611
63106.84625554085
15483.844302892685
15175.99378657341
7073.504705190659
30883.698273658752
9530.730546474457
8820.3570561409
3973.1958198547363
11872.163293838501
6099.335067510605
5663.745384931564
5341.882595300674
5312.641760349274
15569.163983345032
5735.430669546127
5260.580344200134
5032.198837757111
4900.142271757126
21329.270892620087
5787.350369691849
5607.354627370834
10925.943444728851
4678.569993972778
25778.341196537018
11952.863597393036
11102.442287445068
9993.28472995758
4591.66028881073
4382.852220773697
38659.37850666046
18468.560212612152
11730.928194522858
19915.492941617966
11036.120124101639
