22468.46485519409
12436.005161046982
11580.857131004333
5086.907104253769
4993.849017620087
15115.57058763504
20300.326056480408
23977.28110766411
9633.16589474678
31745.20772600174
39486.28467273712
36052.218643665314
9243.100291967392
14618.025833845139
26360.219616174698
15123.738328933716
13197.60360789299
18046.609893083572
34386.035824775696
19977.00985956192
15191.39890575409
27446.763082265854
16458.52584028244
9226.596872091293
14065.104748010635
31142.76108598709
5958.319332122803
5750.61464881897
16581.693386554718
39951.013956308365
7543.307153463364
13849.225278139114
20003.610500574112
11010.158884525299
10000.126065254211
30588.625607967377
6114.475442409515
11616.208005666733
4965.346555233002
4896.110726594925
7617.245000839233
21682.399921417236
12274.079986333847
5327.3067791461945
10479.374741792679
62680.49581313133
14313.176889181137
8949.662806034088
8712.041641712189
4267.5443234443665
